=== BENCHMARK RESULTS ===
Optimization mode: q_varMS_4d, objective: q_varMS, 4D: true, maximize: true
N_shots = 1000, noise model = binomial
Fixed α = 1.5, κ = 1.9
Number of simulations: 40, n_iter = 120, n_restarts = 10
Fidelity threshold: Q* = 0.999  stop_mode=mu_one_check
use_variable_mode = false
Acquisition: ucb(k=1,random)  (acq_type=ucb, k_acq=1, min_sep=0.05, use_zoom=false, M_zoom=200, zoom_radius=0.1, use_lbfgs_acq=false, use_grad_acq=false, a_bound=1.0)
Q_noisy benchmark N = 100000
Elapsed time: 0:18:25

=== RESULTS SUMMARY ===
Best Q_det = 1.0 (Simulation 11, Seed 250215, Iterations 56)
Average Q_det = 0.9051759254797979 ± 0.21303696607053077
Median Q_det = 0.9995060385890653
Min Q_det = 0.30071574710348664
Max Q_det = 1.0
Average Q_noisy_hN (N=100000) = 0.8819101544351419 ± 0.24573929103116202
Median  Q_noisy_hN (N=100000) = 0.9903538059528627
Average iterations = 77.5 ± 33.0174778890491
Median iterations  = 71.5
Total training points across all sims = 3724

=== BEST RESULT PHYSICAL PARAMETERS ===
Recommended f_cl = 4.111550352057481e+14
Recommended f_sb = 3.009985865949735e+06
Recommended A    = 1.055336214898679e+06
Recommended phi  = -0.23970165801086124
Baseline   f_cl = 4.111550352057448e+14  f_sb = 3.010000000000000e+06  A = 1.053929151644826e+06
Best final GP hyperparameters:
  ℓ  = [0.4076, 0.223, 1.4999, 1.4999]
  σf = 0.8675
  c  = 0.05
Best u_rec = [0.00026631721240944823, -0.0011247519827947753, 0.006675321826220672, -0.7629940747950316]

=== All Results ===
Sim	Seed	Iterations	TotalShots	NTrain	Q_det	Q_noisy_last	Q_noisy_hN	Q_rec	u_1	u_2	u_3	u_4	ℓ1	ℓ2	ℓ3	ℓ4	σf	c	drift	phi_rec	delta_phi
1	714078	52	81000	81	0.9996	0.9820	0.9996	1.0000	0.0007	-0.0029	-0.1279	-0.0069	0.3289	0.1777	1.4999	1.4999	0.7510	0.8715	-0.0358	-0.0022	0.0337
2	849665	120	137000	136	0.9991	0.9840	0.9962	0.9960	0.0014	-0.0090	-0.2145	-0.3716	0.3811	0.2091	1.5000	1.5000	0.5680	0.0500	-0.1653	-0.1168	0.0485
3	670733	33	48000	48	0.9992	0.0090	0.9835	1.0000	0.0038	0.0064	0.0657	0.6853	0.3423	0.2352	1.4999	1.4999	0.8428	0.0500	0.1506	0.2153	0.0647
4	400294	120	133000	132	0.3007	0.6670	0.2058	0.7110	-0.6776	-0.2600	1.0000	0.9590	0.1618	0.1781	1.5000	1.5000	0.7875	1.3332	-0.2989	0.3013	0.6002
5	909858	45	59000	59	0.9998	0.9260	0.9962	0.9990	0.0052	-0.0078	-0.0987	-0.5209	0.1110	0.2064	1.4999	1.4999	0.6605	0.0500	-0.2013	-0.1636	0.0377
6	473966	120	133000	132	0.4999	0.6820	0.4741	0.6890	0.0060	-0.8254	0.7757	1.0000	0.3661	0.1450	1.5000	1.3539	0.8388	1.5557	-0.2285	0.3142	0.5426
7	981559	35	55000	55	0.9997	0.9500	0.9972	1.0000	-0.0079	0.0018	0.0894	-0.0771	0.4273	0.1912	1.4999	1.4999	0.7799	1.9160	0.0492	-0.0242	-0.0735
8	318670	120	133000	132	0.5693	0.6810	0.4815	0.7480	-0.2909	-0.3276	-0.3976	-0.9632	0.3362	0.3065	1.5000	1.5000	1.0183	1.2209	0.2359	-0.3026	-0.5385
9	225142	90	112000	112	0.9999	0.9890	1.0000	1.0000	-0.0036	0.0020	0.0936	0.0841	0.4070	0.2104	1.5000	1.5000	0.7615	0.0500	0.0176	0.0264	0.0089
10	359405	39	60000	60	0.9995	0.7920	0.9935	1.0000	-0.0056	-0.0015	0.1095	-0.3330	0.2708	0.2388	1.4999	1.4999	0.8361	0.0500	-0.0154	-0.1046	-0.0892
11	250215	56	77000	77	1.0000	0.9710	0.9852	1.0000	0.0003	-0.0011	0.0067	-0.7630	0.4076	0.2230	1.4999	1.4999	0.8675	0.0500	-0.2230	-0.2397	-0.0167
12	558664	46	62000	62	0.9994	0.9500	0.9935	1.0000	-0.0016	0.0088	0.1607	-0.4555	0.3511	0.2003	1.4999	1.4999	0.7758	0.0500	-0.1354	-0.1431	-0.0077
13	438880	64	78000	78	0.9999	0.8550	0.9998	0.9990	0.0022	-0.0046	-0.0803	-0.0054	0.3985	0.1872	1.4999	1.4999	0.7410	0.0500	-0.0289	-0.0017	0.0272
14	5937	120	133000	132	0.5563	0.7530	0.4518	0.7650	-0.2999	-0.3300	-0.3537	-1.0000	0.2517	0.2539	1.5000	1.5000	0.9567	1.0990	0.2499	-0.3142	-0.5640
15	615903	66	83000	83	0.9997	0.9830	0.9873	1.0000	0.0026	0.0040	0.0585	0.6370	0.4993	0.2719	1.4999	1.4999	0.8268	0.0500	0.2204	0.2001	-0.0203
16	150574	79	96000	96	0.9999	0.9710	0.9822	1.0000	0.0021	-0.0050	-0.0478	0.7919	0.4047	0.1968	1.4999	1.4999	0.7107	0.0500	0.2479	0.2488	0.0009
17	963284	34	48000	48	0.9999	0.8440	0.9968	1.0000	0.0055	-0.0019	-0.0030	-0.4985	0.2537	0.1652	1.4999	1.4999	0.7455	0.0500	-0.1816	-0.1566	0.0250
18	473867	85	100000	100	0.9997	0.9800	0.9996	0.9990	0.0083	-0.0045	-0.0403	-0.1596	0.4646	0.2158	1.4999	1.4999	0.7501	0.0500	-0.1267	-0.0501	0.0766
19	150918	120	134000	133	0.9993	0.9590	0.9987	0.9960	0.0062	0.0030	0.1431	-0.3211	0.3049	0.1904	1.5000	1.5000	0.8127	0.7674	-0.1439	-0.1009	0.0430
20	955377	88	105000	105	0.9999	0.9840	0.9820	1.0000	-0.0022	-0.0018	-0.0381	0.9144	0.3858	0.2293	1.4999	1.4999	0.8022	0.0500	0.3084	0.2873	-0.0211
21	902578	63	78000	78	0.9995	0.8760	0.9918	0.9990	0.0071	0.0012	0.0706	-0.7463	0.2320	0.2055	1.4999	1.4999	0.5699	0.0500	-0.2386	-0.2344	0.0041
22	61646	120	133000	132	0.3400	0.6760	0.2055	0.6940	-0.7456	-0.2691	1.0000	0.8013	0.3051	0.2058	1.5000	1.5000	0.9820	1.3347	0.0197	0.2517	0.2320
23	197255	37	52000	52	1.0000	0.9720	0.9826	1.0000	0.0019	0.0004	0.0385	0.7788	0.4266	0.1521	1.4999	1.4999	0.6879	1.0161	0.2468	0.2447	-0.0021
24	462583	120	136000	135	0.9993	0.9310	0.9923	0.9870	0.0091	0.0013	0.0367	0.2874	0.3186	0.2515	1.5000	1.5000	0.8157	0.7368	-0.0658	0.0903	0.1561
25	184672	68	83000	83	0.9995	0.7000	0.9963	0.9990	0.0039	0.0046	0.0586	-0.4300	0.2666	0.2005	1.4999	1.4999	0.8413	0.0500	-0.1289	-0.1351	-0.0061
26	831702	34	50000	50	0.9996	0.9600	0.9841	1.0000	0.0052	0.0019	0.1043	0.6597	0.2789	0.1479	1.4999	1.4999	0.6698	0.0500	0.2499	0.2072	-0.0427
27	720308	120	133000	132	0.9980	0.9790	0.9857	0.9920	-0.0021	-0.0117	-0.2984	-0.6554	0.2437	0.1508	1.5000	1.5000	0.8615	1.3874	-0.2288	-0.2059	0.0229
28	16729	25	38000	38	0.9999	0.9440	0.9939	0.9990	0.0028	-0.0047	-0.0009	0.4121	0.1909	0.0724	1.1724	1.4999	0.8801	0.0500	0.1406	0.1295	-0.0112
29	387749	103	122000	122	1.0000	0.9910	0.9971	1.0000	0.0014	-0.0004	0.0533	-0.3801	0.3312	0.1939	1.4999	1.4999	0.8184	0.9472	-0.1236	-0.1194	0.0042
30	215846	120	133000	132	0.3633	0.6700	0.2604	0.6660	-0.7594	-0.2897	0.7758	-0.2153	0.3021	0.2198	1.5000	1.5000	1.0336	1.9110	-0.1770	-0.0676	0.1093
31	312561	54	79000	79	0.9999	0.9830	0.9918	0.9990	0.0050	-0.0032	-0.0063	0.4331	0.3654	0.2238	1.4999	1.4999	0.7447	0.7574	0.1631	0.1361	-0.0270
32	749598	73	87000	87	0.9993	0.9760	0.9989	0.9990	0.0066	0.0031	0.1071	-0.3336	0.3094	0.2081	1.4999	1.4999	0.8725	1.5027	-0.0957	-0.1048	-0.0091
33	631837	81	94000	94	0.9993	0.9940	0.9958	1.0000	0.0025	0.0058	0.1835	-0.4407	0.3406	0.2325	1.4999	1.4999	0.6518	1.3930	-0.1406	-0.1384	0.0021
34	746550	69	84000	84	0.9999	0.7820	0.9774	1.0000	-0.0033	-0.0009	-0.0020	-0.8600	0.3572	0.2235	1.4999	1.4999	0.6633	0.0500	-0.2694	-0.2702	-0.0007
35	709734	45	59000	59	0.9995	0.7920	0.9872	1.0000	-0.0004	0.0065	0.0251	-0.6977	0.2614	0.1525	1.4999	1.4999	0.7926	0.0500	-0.2009	-0.2192	-0.0183
36	181983	78	92000	92	0.9996	0.8750	0.9753	0.9990	-0.0088	0.0071	0.1584	-0.7468	0.2898	0.1700	1.4999	1.4999	0.8119	0.0500	-0.2850	-0.2346	0.0504
37	279125	48	63000	63	0.9997	0.8210	0.9786	0.9990	-0.0018	0.0052	0.0249	-0.8819	0.1580	0.1936	1.4999	1.4999	0.9530	1.1919	-0.2910	-0.2770	0.0139
38	965652	120	133000	132	0.5913	0.6760	0.4963	0.7430	-0.2936	-0.3033	-0.1022	-0.9974	0.3343	0.2238	1.5000	1.5000	0.9897	0.9290	0.2053	-0.3133	-0.5187
39	419030	120	134000	133	0.9995	0.9720	0.9894	0.9890	0.0102	-0.0097	-0.1403	0.3501	0.3636	0.2028	1.5000	1.5000	0.8648	0.9551	-0.0163	0.1100	0.1263
40	888571	70	86000	86	0.9994	0.9910	0.9914	0.9990	0.0055	0.0034	0.0924	0.4114	0.3859	0.2410	1.5000	1.5000	0.6782	1.2293	0.0575	0.1292	0.0717

=== Median u values (median ± std across seeds) ===
u_1 : median = +0.001653  ±  0.204346  (min = -0.759439, max = +0.010218)
u_2 : median = -0.001301  ±  0.163620  (min = -0.825352, max = +0.008832)
u_3 : median = +0.037599  ±  0.304187  (min = -0.397605, max = +1.000000)
u_4 : median = -0.268184  ±  0.624130  (min = -1.000000, max = +1.000000)
