=== BENCHMARK RESULTS ===
Optimization mode: q_varMS_4d, objective: q_varMS, 4D: true, maximize: true
N_shots = 100, noise model = binomial
Fixed α = 1.5, κ = 1.9
Number of simulations: 40, n_iter = 120, n_restarts = 10
Fidelity threshold: Q* = 0.999  stop_mode=mu_one_check
use_variable_mode = false
Acquisition: ucb(k=1,random)  (acq_type=ucb, k_acq=1, min_sep=0.05, use_zoom=false, M_zoom=200, zoom_radius=0.1, use_lbfgs_acq=false, use_grad_acq=false, a_bound=1.0)
Q_noisy benchmark N = 100000
Elapsed time: 0:28:47

=== RESULTS SUMMARY ===
Best Q_det = 0.9999263697236374 (Simulation 17, Seed 963284, Iterations 64)
Average Q_det = 0.9709328596019997 ± 0.1101384924413396
Median Q_det = 0.9983611185426893
Min Q_det = 0.331022242001229
Max Q_det = 0.9999263697236374
Average Q_noisy_hN (N=100000) = 0.9480581336041695 ± 0.13659245545011905
Median  Q_noisy_hN (N=100000) = 0.9828509540550959
Average iterations = 83.975 ± 29.59425403342466
Median iterations  = 86.0
Total training points across all sims = 3983

=== BEST RESULT PHYSICAL PARAMETERS ===
Recommended f_cl = 4.111550352057507e+14
Recommended f_sb = 3.009992720336193e+06
Recommended A    = 1.046218162634616e+06
Recommended phi  = -0.14792928896737667
Baseline   f_cl = 4.111550352057448e+14  f_sb = 3.010000000000000e+06  A = 1.053929151644826e+06
Best final GP hyperparameters:
  ℓ  = [0.3594, 0.2301, 1.4999, 1.4999]
  σf = 0.8101
  c  = 1.4684
Best u_rec = [0.0004728698517897842, -0.0005792972394523874, -0.03658210325701475, -0.4708735513445475]

=== All Results ===
Sim	Seed	Iterations	TotalShots	NTrain	Q_det	Q_noisy_last	Q_noisy_hN	Q_rec	u_1	u_2	u_3	u_4	ℓ1	ℓ2	ℓ3	ℓ4	σf	c	drift	phi_rec	delta_phi
1	714078	83	10300	103	0.9974	0.9800	0.9835	1.0000	-0.0103	-0.0075	-0.2437	-0.4694	0.3564	0.2267	1.4999	1.4999	0.8913	0.5096	-0.0358	-0.1475	-0.1116
2	849665	105	11900	119	0.9998	1.0000	0.9976	1.0000	-0.0062	0.0068	0.1117	-0.1161	0.1840	0.2333	1.4999	1.4999	0.5867	1.8826	-0.1653	-0.0365	0.1288
3	670733	44	7000	70	0.9998	0.8400	0.9876	1.0000	0.0057	-0.0023	-0.0520	0.5431	0.3708	0.2727	1.4999	1.4999	0.9196	2.2979	0.1506	0.1706	0.0200
4	400294	80	9700	97	0.9988	0.9400	0.9986	1.0000	0.0136	-0.0149	-0.2516	-0.3865	0.3055	0.2092	1.5000	1.5000	0.7461	1.4081	-0.2989	-0.1214	0.1775
5	909858	86	10200	102	0.9993	0.1900	0.9709	1.0000	-0.0041	0.0037	0.2357	-0.9639	1.4999	1.4999	1.4999	1.4999	0.3000	2.9997	-0.2013	-0.3028	-0.1015
6	473966	89	10800	108	0.9994	0.8000	0.9922	1.0000	0.0087	0.0003	0.0565	-0.7762	0.1886	0.1368	1.4999	1.4999	0.7243	0.6141	-0.2285	-0.2438	-0.0154
7	981559	120	14300	142	0.9945	0.8300	0.9792	1.0000	0.0135	0.0154	0.2514	0.4060	0.4214	0.1301	1.5000	1.5000	0.6009	1.5110	0.0492	0.1275	0.0783
8	318670	51	6400	64	0.9988	0.8100	0.9933	1.0000	-0.0163	0.0145	0.1729	0.9150	0.4367	0.2422	1.4999	1.4999	0.6926	1.3107	0.2359	0.2875	0.0516
9	225142	120	13300	132	0.9871	0.8600	0.9624	0.9700	0.0203	0.0240	0.4346	0.4564	0.2134	0.1960	1.5000	1.5000	0.6186	1.2484	0.0176	0.1434	0.1258
10	359405	120	13600	135	0.9973	0.8600	0.9888	0.9400	-0.0213	0.0036	0.0037	0.0167	0.2398	0.1775	1.5000	1.5000	0.6167	1.2151	-0.0154	0.0052	0.0206
11	250215	38	5500	55	0.9890	0.8500	0.9874	1.0000	0.0054	0.0330	0.3768	-0.3953	0.3165	0.1349	1.4999	1.4999	0.6310	0.7618	-0.2230	-0.1242	0.0988
12	558664	88	10200	102	0.9999	0.9100	1.0000	1.0000	-0.0024	0.0030	0.0292	0.1121	0.3549	0.2346	1.4999	1.4999	0.6926	1.0913	-0.1354	0.0352	0.1706
13	438880	61	8500	85	0.9978	0.0000	0.9814	1.0000	0.0043	-0.0069	-0.3397	-0.9388	0.3837	0.1943	1.4999	1.4999	0.8009	1.1633	-0.0289	-0.2949	-0.2660
14	5937	120	13300	132	0.9845	0.9400	0.9797	0.7800	-0.0023	0.0435	0.7951	-0.4297	0.3018	0.0983	1.5000	1.5000	0.5345	2.8662	0.2499	-0.1350	-0.3849
15	615903	85	9900	99	0.9988	0.9800	0.9822	1.0000	0.0083	0.0046	0.0271	0.5888	0.2748	0.1052	1.4999	1.4999	0.6087	0.7238	0.2204	0.1850	-0.0354
16	150574	44	5900	59	0.9986	0.9800	0.9816	1.0000	-0.0004	0.0093	0.3197	0.8394	0.3239	0.1370	1.4999	1.4999	0.6238	0.9049	0.2479	0.2637	0.0158
17	963284	64	8500	85	0.9999	0.4500	0.9948	1.0000	0.0005	-0.0006	-0.0366	-0.4709	0.3594	0.2301	1.4999	1.4999	0.8101	1.4684	-0.1816	-0.1479	0.0337
18	473867	86	10000	100	0.9998	0.9800	0.9989	1.0000	0.0052	-0.0008	0.0739	-0.3295	0.3081	0.2000	1.4999	1.4999	0.6961	1.6987	-0.1267	-0.1035	0.0232
19	150918	120	13300	132	0.9775	0.8900	0.9767	0.9800	0.0230	0.0362	0.4780	-0.4432	0.2062	0.1312	1.5000	1.5000	0.5560	0.7417	-0.1439	-0.1392	0.0047
20	955377	114	12700	127	0.9991	0.8700	0.9924	1.0000	-0.0018	0.0019	-0.1352	0.5777	0.2696	0.1970	1.4999	1.4999	0.6399	1.3536	0.3084	0.1815	-0.1269
21	902578	67	9200	92	0.9875	0.9300	0.9716	1.0000	0.0406	0.0052	0.0592	-0.2640	0.3100	0.2083	1.4999	1.4999	0.6886	1.4651	-0.2386	-0.0829	0.1556
22	61646	120	13300	132	0.9978	0.9600	0.9725	0.9300	0.0245	-0.0151	-0.1976	0.3524	0.1963	0.1693	1.5000	1.5000	0.5709	1.1155	0.0197	0.1107	0.0910
23	197255	120	13300	132	0.9897	0.9000	0.9363	0.9500	-0.0449	0.0369	0.7998	-0.2270	0.2680	0.0953	1.5000	1.5000	0.5206	2.1349	0.2468	-0.0713	-0.3181
24	462583	109	12200	122	0.9926	1.0000	0.9862	1.0000	0.0267	0.0076	0.2131	-0.2030	0.2008	0.2144	1.4999	1.4999	0.6123	0.9898	-0.0658	-0.0638	0.0020
25	184672	70	8800	88	0.9992	0.9300	0.9773	1.0000	-0.0052	0.0124	0.1823	-0.7953	0.3688	0.1724	1.5000	1.5000	0.7194	1.1552	-0.1289	-0.2498	-0.1209
26	831702	39	5600	56	0.9974	0.0000	0.9713	1.0000	0.0071	0.0103	0.0066	0.8415	0.3111	0.1301	1.4999	1.4999	0.7585	0.0500	0.2499	0.2644	0.0144
27	720308	80	9600	96	0.9916	0.9500	0.9897	1.0000	0.0260	0.0110	0.2245	-0.4261	0.2361	0.2038	1.5000	1.5000	0.6270	1.0702	-0.2288	-0.1339	0.0950
28	16729	91	10600	106	0.9995	1.0000	0.9804	1.0000	0.0036	-0.0099	-0.0471	0.7711	0.2280	0.0951	1.4999	1.4999	0.5560	2.4000	0.1406	0.2423	0.1016
29	387749	120	13300	132	0.8640	0.6400	0.6183	0.7500	0.1370	0.0440	1.0000	0.3339	1.5000	1.5000	1.5000	1.5000	0.3000	3.0000	-0.1236	0.1049	0.2285
30	215846	89	10200	102	0.9988	0.9600	0.9980	1.0000	0.0017	0.0083	0.0006	-0.1726	0.1430	0.1542	1.4999	1.4999	0.6597	1.0334	-0.1770	-0.0542	0.1227
31	312561	15	2800	28	0.9986	0.8800	0.9983	1.0000	-0.0134	0.0054	0.2711	0.2925	0.0758	0.1259	1.4999	1.4999	0.8263	0.0500	0.1631	0.0919	-0.0712
32	749598	42	5500	55	0.9790	0.8200	0.8911	1.0000	0.0546	0.0055	-0.0556	0.5009	0.3676	0.0985	1.4999	1.4999	0.6505	0.0500	-0.0957	0.1574	0.2531
33	631837	94	11400	114	0.9955	0.9900	0.9691	1.0000	-0.0095	-0.0175	-0.2556	-0.7745	0.2976	0.1905	1.4999	1.4999	0.7463	0.6896	-0.1406	-0.2433	-0.1027
34	746550	120	13300	132	0.8028	0.4100	0.7856	0.1800	-0.0303	0.3947	1.0000	-1.0000	0.6836	1.5000	1.5000	1.5000	0.3474	3.0000	-0.2694	-0.3142	-0.0447
35	709734	63	7800	78	0.9994	0.9700	0.9943	1.0000	0.0020	-0.0101	-0.1434	-0.5095	0.3267	0.1356	1.4999	1.4999	0.7038	0.6096	-0.2009	-0.1601	0.0409
36	181983	101	11400	114	0.9992	0.9000	0.9616	1.0000	-0.0091	0.0126	0.2185	-0.9869	0.2262	0.1797	1.4999	1.4999	0.5308	0.7753	-0.2850	-0.3101	-0.0251
37	279125	65	7800	78	0.9991	0.9500	0.9929	1.0000	0.0133	-0.0134	-0.1542	-0.8644	0.1406	0.1145	1.4999	1.4999	0.5920	0.0500	-0.2910	-0.2716	0.0194
38	965652	49	6400	64	0.9993	0.9900	0.9944	1.0000	0.0032	0.0003	-0.1199	0.3787	0.1953	0.1218	1.4999	1.4999	0.7020	2.0505	0.2053	0.1190	-0.0864
39	419030	120	13300	132	0.3310	0.7200	0.2150	0.5900	-0.7613	-0.2726	0.7682	0.9583	0.1576	0.1019	1.5000	1.5000	0.9437	1.8652	-0.0163	0.3011	0.3173
40	888571	67	8200	82	0.9982	0.5700	0.9893	1.0000	0.0109	-0.0098	0.1384	0.2938	0.3537	0.1433	1.4999	1.4999	0.7374	1.3940	0.0575	0.0923	0.0348

=== Median u values (median ± std across seeds) ===
u_1 : median = +0.003443  ±  0.124598  (min = -0.761347, max = +0.137040)
u_2 : median = +0.004896  ±  0.078042  (min = -0.272623, max = +0.394685)
u_3 : median = +0.066515  ±  0.337055  (min = -0.339721, max = +1.000000)
u_4 : median = -0.187838  ±  0.598839  (min = -1.000000, max = +0.958333)
