=== BENCHMARK RESULTS ===
Optimization mode: q_varMS_4d, objective: q_varMS, 4D: true, maximize: true
N_shots = 50, noise model = binomial
Fixed α = 1.5, κ = 1.9
Number of simulations: 40, n_iter = 120, n_restarts = 10
Fidelity threshold: Q* = 0.999  stop_mode=mu_one_check
use_variable_mode = false
Acquisition: ucb(k=1,random)  (acq_type=ucb, k_acq=1, min_sep=0.05, use_zoom=false, M_zoom=200, zoom_radius=0.1, use_lbfgs_acq=false, use_grad_acq=false, a_bound=1.0)
Q_noisy benchmark N = 100000
Elapsed time: 0:26:22

=== RESULTS SUMMARY ===
Best Q_det = 0.9996918283470977 (Simulation 39, Seed 419030, Iterations 57)
Average Q_det = 0.9883085063895818 ± 0.023169703071759463
Median Q_det = 0.994598396368654
Min Q_det = 0.856832833680178
Max Q_det = 0.9996918283470977
Average Q_noisy_hN (N=100000) = 0.9733803278116054 ± 0.037836288755734256
Median  Q_noisy_hN (N=100000) = 0.9847018965320838
Average iterations = 77.2 ± 30.25464575471988
Median iterations  = 78.5
Total training points across all sims = 3764

=== BEST RESULT PHYSICAL PARAMETERS ===
Recommended f_cl = 4.111550352057459e+14
Recommended f_sb = 3.010040809055467e+06
Recommended A    = 1.049623537856703e+06
Recommended phi  = -0.10336824534164833
Baseline   f_cl = 4.111550352057448e+14  f_sb = 3.010000000000000e+06  A = 1.053929151644826e+06
Best final GP hyperparameters:
  ℓ  = [0.137, 0.0965, 1.4999, 1.4999]
  σf = 0.7558
  c  = 1.561
Best u_rec = [9.119405711676983e-5, 0.0032474814502391324, -0.020426485885711533, -0.3290313440971823]

=== All Results ===
Sim	Seed	Iterations	TotalShots	NTrain	Q_det	Q_noisy_last	Q_noisy_hN	Q_rec	u_1	u_2	u_3	u_4	ℓ1	ℓ2	ℓ3	ℓ4	σf	c	drift	phi_rec	delta_phi
1	714078	12	1600	32	0.9984	0.9800	0.9849	1.0000	-0.0117	0.0039	-0.1286	-0.4204	0.5180	0.0959	1.4999	1.4999	0.7662	0.0500	-0.0358	-0.1321	-0.0962
2	849665	120	6650	132	0.9545	0.8400	0.9359	0.8200	-0.0260	-0.0600	-1.0000	-0.2291	0.2048	0.1689	1.5000	1.5000	0.6204	1.4384	-0.1653	-0.0720	0.0933
3	670733	33	2600	52	0.9959	0.3800	0.9848	1.0000	-0.0129	0.0199	0.6057	1.0000	0.3217	0.0924	1.4999	1.4999	0.8528	0.0500	0.1506	0.3142	0.1636
4	400294	110	6200	124	0.9956	0.7600	0.9667	1.0000	-0.0093	0.0125	-0.2154	-0.8259	0.3458	0.1583	1.5000	1.5000	0.8485	1.0456	-0.2989	-0.2595	0.0395
5	909858	89	5100	102	0.9961	0.9000	0.9933	1.0000	0.0091	0.0094	0.4104	0.0779	0.3645	0.2352	1.4999	1.4999	0.8150	0.9231	-0.2013	0.0245	0.2258
6	473966	81	4700	94	0.9888	0.8400	0.9809	1.0000	0.0332	0.0101	0.1590	-0.2984	0.2450	0.0883	1.4999	1.4999	0.6872	2.1283	-0.2285	-0.0937	0.1347
7	981559	60	3800	76	0.9929	1.0000	0.9653	1.0000	-0.0219	0.0107	0.6457	-0.4579	0.5612	0.1550	1.5000	1.5000	0.7482	1.2427	0.0492	-0.1439	-0.1931
8	318670	55	3400	68	0.9989	0.9800	0.9892	1.0000	-0.0035	-0.0011	0.2167	0.7309	0.2868	0.2309	1.4999	1.4999	0.6744	1.3518	0.2359	0.2296	-0.0062
9	225142	120	6650	132	0.9885	0.9800	0.9824	0.9200	0.0156	-0.0451	-0.7022	0.0158	0.4311	0.0828	1.5000	1.5000	0.6206	1.6372	0.0176	0.0050	-0.0126
10	359405	120	7650	152	0.9729	0.9800	0.9695	0.9400	-0.0227	-0.0373	-0.9102	0.2095	0.3356	0.1822	1.5000	1.5000	0.6252	1.7256	-0.0154	0.0658	0.0812
11	250215	76	4450	89	0.9870	0.9600	0.9867	1.0000	0.0255	0.0175	0.5049	-0.6279	0.3247	0.1494	1.4999	1.4999	0.8018	0.7747	-0.2230	-0.1972	0.0258
12	558664	60	5550	111	0.9968	0.0000	0.9899	1.0000	0.0073	0.0116	0.3511	-0.7504	0.5359	0.2077	1.5000	1.5000	0.9878	1.6765	-0.1354	-0.2358	-0.1004
13	438880	81	4700	94	0.9988	0.9400	0.9911	1.0000	0.0087	-0.0032	-0.1949	0.3225	0.1853	0.1523	1.4999	1.4999	0.7222	1.4792	-0.0289	0.1013	0.1302
14	5937	103	5800	116	0.9954	0.8400	0.9392	1.0000	0.0250	0.0016	0.0747	0.8560	0.4010	0.1053	1.4999	1.4999	0.5035	2.9997	0.2499	0.2689	0.0190
15	615903	120	6650	132	0.9865	0.6200	0.9806	0.8600	0.0086	-0.0440	-0.7898	0.2140	0.4304	0.2077	1.5000	1.5000	0.5770	1.6869	0.2204	0.0672	-0.1531
16	150574	94	5350	107	0.9981	0.6800	0.9889	1.0000	-0.0140	0.0055	-0.1097	1.0000	1.4999	1.4999	1.4999	1.4999	0.3000	2.9997	0.2479	0.3142	0.0662
17	963284	64	3850	77	0.9908	0.9200	0.9737	1.0000	0.0019	-0.0321	-0.6516	-0.9100	0.1501	0.0838	1.4999	1.4999	0.7559	1.0731	-0.1816	-0.2859	-0.1043
18	473867	99	5750	115	0.9985	1.0000	0.9951	1.0000	0.0156	-0.0021	-0.0713	-0.0549	0.1507	0.1299	1.4999	1.4999	0.6649	1.4650	-0.1267	-0.0172	0.1095
19	150918	67	4100	82	0.9783	0.9600	0.9727	1.0000	0.0267	0.0323	0.4136	-0.2648	0.4913	0.1115	1.4999	1.4999	0.5812	2.2303	-0.1439	-0.0832	0.0607
20	955377	98	5650	113	0.9972	0.8200	0.9906	1.0000	-0.0078	0.0152	0.4886	0.7284	0.1685	0.1017	1.4999	1.4999	0.5584	1.7704	0.3084	0.2288	-0.0795
21	902578	93	5400	108	0.9871	0.9000	0.9873	1.0000	0.0069	0.0327	0.1310	-0.1765	0.7355	0.2046	1.4999	1.4999	0.5736	2.5579	-0.2386	-0.0555	0.1831
22	61646	71	4200	84	0.9976	0.9200	0.9951	1.0000	0.0145	0.0046	0.0311	-0.0586	0.2080	0.1028	1.4999	1.4999	0.6939	1.0390	0.0197	-0.0184	-0.0381
23	197255	65	5000	100	0.9867	0.9600	0.9766	1.0000	-0.0052	0.0419	0.7786	0.7178	0.6159	0.2373	1.4999	1.4999	0.7809	1.9904	0.2468	0.2255	-0.0213
24	462583	96	5650	113	0.9938	0.8600	0.9402	1.0000	0.0285	0.0019	0.1780	0.7273	0.1126	0.0844	1.4999	1.4999	0.7111	1.8887	-0.0658	0.2285	0.2943
25	184672	52	3300	66	0.9981	0.7800	0.9782	1.0000	-0.0089	0.0185	0.1577	-0.6520	0.3896	0.1006	1.4999	1.4999	0.6044	1.2447	-0.1289	-0.2048	-0.0759
26	831702	36	2450	49	0.9996	0.8000	0.9831	1.0000	-0.0059	-0.0016	0.0782	0.9875	0.1721	0.1034	1.4999	1.4999	0.6892	1.2833	0.2499	0.3102	0.0603
27	720308	65	3900	78	0.9996	1.0000	0.9961	1.0000	0.0028	-0.0028	-0.1370	-0.4447	0.2116	0.1051	1.4999	1.4999	0.7080	0.9705	-0.2288	-0.1397	0.0891
28	16729	63	3900	78	0.9984	0.9400	0.9959	1.0000	0.0047	0.0030	-0.1527	-0.4310	0.1663	0.1124	1.4999	1.4999	0.6460	2.1382	0.1406	-0.1354	-0.2760
29	387749	101	5700	114	0.9964	0.9600	0.9887	1.0000	0.0081	0.0052	-0.2311	-0.7761	0.1805	0.0951	1.4999	1.4999	0.5848	1.8389	-0.1236	-0.2438	-0.1202
30	215846	95	5550	111	0.9925	0.9800	0.9852	1.0000	0.0161	0.0152	-0.0323	0.0957	0.1650	0.1064	1.4999	1.4999	0.7058	2.0500	-0.1770	0.0301	0.2070
31	312561	1	700	14	0.9790	0.0000	0.9504	1.0000	-0.0391	-0.0094	0.3532	0.0206	0.0898	1.5000	1.5000	0.1575	0.9568	0.0500	0.1631	0.0065	-0.1566
32	749598	49	3250	65	0.9877	0.3000	0.9620	1.0000	0.0396	0.0060	0.0669	-0.0130	1.4999	1.4999	1.4999	1.4999	0.3000	2.9997	-0.0957	-0.0041	0.0916
33	631837	111	6300	126	0.9964	0.9600	0.9846	1.0000	0.0017	0.0194	0.2638	0.6298	0.3882	0.2344	1.4999	1.4999	0.9058	1.3901	-0.1406	0.1979	0.3384
34	746550	120	6650	132	0.8568	0.0000	0.7629	0.1800	0.1207	0.5595	1.0000	-1.0000	1.5000	1.5000	1.5000	1.5000	0.3000	3.0000	-0.2694	-0.3142	-0.0447
35	709734	46	3000	60	0.9926	0.8200	0.9878	1.0000	0.0300	0.0035	-0.0675	-0.3578	0.1624	0.0808	1.4999	1.4999	0.7024	1.2724	-0.2009	-0.1124	0.0885
36	181983	82	4750	95	0.9919	0.9600	0.9491	1.0000	-0.0269	-0.0007	0.3548	-0.5647	0.1444	0.1126	1.4999	1.4999	0.5229	2.9997	-0.2850	-0.1774	0.1076
37	279125	62	4500	90	0.9989	0.8200	0.9871	1.0000	0.0055	0.0047	0.2162	-0.8419	0.1959	0.1326	1.4999	1.4999	0.7826	1.5524	-0.2910	-0.2645	0.0265
38	965652	48	3350	67	0.9931	1.0000	0.9921	1.0000	-0.0114	-0.0199	-0.4210	0.5711	0.1833	0.1103	1.4999	1.4999	0.6922	1.7061	0.2053	0.1794	-0.0259
39	419030	57	3500	70	0.9997	1.0000	0.9968	1.0000	0.0001	0.0032	-0.0204	-0.3290	0.1370	0.0965	1.4999	1.4999	0.7558	1.5610	-0.0163	-0.1034	-0.0871
40	888571	113	7200	144	0.9767	0.9200	0.9747	1.0000	0.0259	0.0349	0.4637	-0.4183	0.5508	0.2111	1.4999	1.4999	0.6403	1.7119	0.0575	-0.1314	-0.1889

=== Median u values (median ± std across seeds) ===
u_1 : median = +0.005102  ±  0.025946  (min = -0.039060, max = +0.120721)
u_2 : median = +0.004633  ±  0.090704  (min = -0.060024, max = +0.559461)
u_3 : median = +0.076442  ±  0.445696  (min = -1.000000, max = +1.000000)
u_4 : median = -0.117552  ±  0.590584  (min = -1.000000, max = +1.000000)
