=== BENCHMARK RESULTS ===
Optimization mode: q_varMS_4d, objective: q_varMS, 4D: true, maximize: true
N_shots = 2500, noise model = binomial
Fixed α = 1.5, κ = 1.9
Number of simulations: 40, n_iter = 120, n_restarts = 10
Fidelity threshold: Q* = 0.999  stop_mode=mu_one_check
use_variable_mode = false
Acquisition: ucb(k=1,random)  (acq_type=ucb, k_acq=1, min_sep=0.05, use_zoom=false, M_zoom=200, zoom_radius=0.1, use_lbfgs_acq=false, use_grad_acq=false, a_bound=1.0)
Q_noisy benchmark N = 100000
Elapsed time: 0:19:22

=== RESULTS SUMMARY ===
Best Q_det = 1.0 (Simulation 10, Seed 359405, Iterations 78)
Average Q_det = 0.8876857380094991 ± 0.23219384921341366
Median Q_det = 0.9998264869234641
Min Q_det = 0.320057540047109
Max Q_det = 1.0
Average Q_noisy_hN (N=100000) = 0.8619559224114715 ± 0.27030128224628047
Median  Q_noisy_hN (N=100000) = 0.990470984154581
Average iterations = 82.6 ± 33.66714901913916
Median iterations  = 84.0
Total training points across all sims = 3938

=== BEST RESULT PHYSICAL PARAMETERS ===
Recommended f_cl = 4.111550352057658e+14
Recommended f_sb = 3.009974256299885e+06
Recommended A    = 1.055264895906208e+06
Recommended phi  = -0.024287086221354694
Baseline   f_cl = 4.111550352057448e+14  f_sb = 3.010000000000000e+06  A = 1.053929151644826e+06
Best final GP hyperparameters:
  ℓ  = [0.4571, 0.2431, 1.4999, 1.4999]
  σf = 0.8126
  c  = 0.05
Best u_rec = [0.0016691651139314322, -0.0020486185634196953, 0.00633697369171931, -0.07730819650855324]

=== All Results ===
Sim	Seed	Iterations	TotalShots	NTrain	Q_det	Q_noisy_last	Q_noisy_hN	Q_rec	u_1	u_2	u_3	u_4	ℓ1	ℓ2	ℓ3	ℓ4	σf	c	drift	phi_rec	delta_phi
1	714078	27	122500	49	0.9999	0.9112	1.0000	0.9996	0.0008	0.0024	0.0471	-0.0609	0.2200	0.1540	1.4843	1.4999	0.8044	0.0500	-0.0358	-0.0191	0.0167
2	849665	78	242500	97	1.0000	0.8732	0.9877	0.9992	0.0012	-0.0004	0.0554	-0.7276	0.2381	0.1587	1.4999	1.4999	0.6807	0.0500	-0.1653	-0.2286	-0.0633
3	670733	80	245000	98	0.9997	0.9844	0.9984	0.9992	-0.0035	-0.0010	-0.0799	0.3348	0.4209	0.2776	1.5000	1.5000	0.8794	0.0500	0.1506	0.1052	-0.0454
4	400294	108	310000	124	0.9999	0.9748	0.9839	0.9992	0.0005	0.0029	0.0305	-0.8105	0.2999	0.1924	1.4999	1.4999	0.9645	0.3946	-0.2989	-0.2546	0.0443
5	909858	98	297500	119	0.9998	0.8680	0.9955	0.9992	0.0037	-0.0013	-0.0688	-0.5269	0.3626	0.2155	1.4999	1.4999	0.7938	0.0500	-0.2013	-0.1655	0.0358
6	473966	62	195000	78	0.9995	0.9784	0.9776	0.9992	-0.0072	-0.0015	0.0440	-0.7452	0.3412	0.1706	1.4999	1.4999	0.6063	0.0500	-0.2285	-0.2341	-0.0057
7	981559	50	165000	66	0.9996	0.9860	0.9993	0.9992	0.0037	0.0031	0.1108	-0.0193	0.4022	0.2282	1.5000	1.5000	0.7866	0.0500	0.0492	-0.0061	-0.0553
8	318670	115	325000	130	0.9998	0.9020	0.9941	0.9996	-0.0033	-0.0034	-0.0367	0.5666	0.2311	0.2096	1.4999	1.4999	0.9153	0.9043	0.2359	0.1780	-0.0579
9	225142	120	345000	137	0.9996	0.9900	0.9995	0.9964	0.0059	0.0013	0.0247	-0.1782	0.2531	0.1526	1.5000	1.5000	0.6909	0.9758	0.0176	-0.0560	-0.0735
10	359405	78	237500	95	1.0000	0.9664	0.9998	1.0000	0.0017	-0.0020	0.0063	-0.0773	0.4571	0.2431	1.4999	1.4999	0.8126	0.0500	-0.0154	-0.0243	-0.0089
11	250215	34	132500	53	1.0000	0.3880	0.9868	1.0000	0.0007	-0.0033	0.0011	-0.7323	0.2961	0.1668	1.4999	1.4999	0.8629	0.0500	-0.2230	-0.2301	-0.0070
12	558664	27	112500	45	0.9999	0.9588	0.9991	1.0000	0.0023	0.0005	0.0040	-0.2862	0.3343	0.3511	1.4999	1.4999	0.7780	1.0136	-0.1354	-0.0899	0.0455
13	438880	35	122500	49	0.9999	0.9508	0.9998	0.9992	0.0014	0.0011	0.0741	-0.1401	0.3304	0.1995	1.4999	1.4999	0.7582	0.0500	-0.0289	-0.0440	-0.0151
14	5937	120	332500	132	0.5790	0.7240	0.4713	0.7344	-0.3005	-0.3102	-0.1895	-0.9690	0.3839	0.2766	1.5000	1.5000	1.0052	1.0011	0.2499	-0.3044	-0.5543
15	615903	44	145000	58	0.9999	0.0000	0.9934	1.0000	-0.0032	0.0026	0.0284	0.5990	0.3218	0.2265	1.4999	1.4999	0.7908	0.0500	0.2204	0.1882	-0.0322
16	150574	120	332500	132	0.3513	0.6576	0.2273	0.6644	-0.7646	-0.2748	0.9095	0.8982	0.2389	0.2155	1.5000	1.5000	0.9548	0.8955	0.2479	0.2822	0.0342
17	963284	75	242500	97	1.0000	0.9836	0.9897	1.0000	-0.0020	-0.0006	0.0408	-0.5914	0.3951	0.2157	1.4999	1.4999	0.8321	0.0500	-0.1816	-0.1858	-0.0042
18	473867	64	195000	78	0.9999	0.9812	0.9986	0.9992	0.0036	-0.0020	-0.0347	-0.3373	0.4460	0.2528	1.4999	1.4999	0.8236	0.0500	-0.1267	-0.1060	0.0207
19	150918	98	285000	114	0.9997	0.8800	0.9913	0.9996	-0.0046	-0.0012	-0.0553	-0.4669	0.2910	0.1906	1.4999	1.4999	0.9527	1.0278	-0.1439	-0.1467	-0.0028
20	955377	21	87500	35	0.9999	0.9752	0.9852	1.0000	-0.0031	-0.0014	0.0386	0.8621	0.2142	0.1261	1.4999	1.4999	0.8637	0.0500	0.3084	0.2708	-0.0376
21	902578	63	192500	77	0.9998	0.9792	0.9917	0.9992	0.0034	-0.0063	-0.0096	-0.6647	0.2337	0.1625	1.4999	1.4999	0.8391	0.0500	-0.2386	-0.2088	0.0298
22	61646	120	332500	132	0.3320	0.6876	0.1956	0.7024	-0.7440	-0.2712	0.8883	1.0000	0.2766	0.2216	1.5000	1.5000	0.9038	0.9688	0.0197	0.3142	0.2944
23	197255	110	317500	127	0.9997	0.8432	0.9927	1.0000	-0.0071	0.0003	0.0247	0.7128	0.2562	0.1811	1.5000	1.5000	0.9167	0.5231	0.2468	0.2239	-0.0228
24	462583	120	332500	132	0.9989	0.9516	0.9843	0.9768	0.0008	0.0096	0.2352	-0.8012	0.2757	0.2117	1.5000	1.5000	0.9294	1.0706	-0.0658	-0.2517	-0.1859
25	184672	51	165000	66	1.0000	0.8392	0.9951	1.0000	-0.0001	-0.0008	0.0083	-0.4364	0.3686	0.2169	1.4999	1.4999	0.8900	0.0500	-0.1289	-0.1371	-0.0082
26	831702	43	147500	59	0.9999	0.9652	0.9860	0.9992	-0.0004	-0.0027	-0.0621	0.7790	0.3093	0.1464	1.4999	1.4999	0.7299	0.0500	0.2499	0.2447	-0.0052
27	720308	120	332500	132	0.5000	0.6196	0.4856	0.6884	0.0043	-0.8174	0.5717	1.0000	0.3825	0.1428	1.5000	1.2224	0.8430	1.0505	-0.2288	0.3142	0.5430
28	16729	120	345000	137	0.9996	0.9820	0.9985	0.9932	-0.0085	0.0007	0.0159	0.0117	0.4460	0.2362	1.5000	1.5000	0.8891	0.0500	0.1406	0.0037	-0.1369
29	387749	46	150000	60	0.9999	0.9420	0.9958	0.9996	-0.0023	0.0026	0.0192	-0.3475	0.2548	0.1121	1.4999	1.4999	0.7516	0.0500	-0.1236	-0.1092	0.0144
30	215846	120	332500	132	0.5114	0.4784	0.4890	0.5264	-0.2529	-0.4004	-0.3506	-1.0000	0.3463	0.3895	1.5000	1.5000	1.0676	1.2123	-0.1770	-0.3142	-0.1372
31	312561	88	267500	107	0.9998	0.0000	0.9934	0.9996	0.0007	0.0036	0.1039	0.4891	0.4142	0.2453	1.4999	1.4999	0.7762	0.0500	0.1631	0.1537	-0.0094
32	749598	51	167500	67	0.9999	0.9124	0.9963	0.9992	0.0008	-0.0045	-0.0766	-0.4075	0.4001	0.1654	1.4999	1.4999	0.7591	0.0500	-0.0957	-0.1280	-0.0323
33	631837	120	332500	132	0.3201	0.6812	0.2073	0.6908	-0.7472	-0.2586	1.0000	0.5515	0.3044	0.2146	1.5000	1.5000	0.8399	1.0176	-0.1406	0.1733	0.3139
34	746550	69	220000	88	1.0000	0.9456	0.9805	0.9992	-0.0003	0.0017	0.0813	-0.8732	0.3685	0.2004	1.4999	1.4999	0.6820	0.0500	-0.2694	-0.2743	-0.0049
35	709734	58	192500	77	0.9998	0.9920	0.9813	0.9996	-0.0049	-0.0016	-0.0088	-0.7294	0.4134	0.2199	1.4999	1.4999	0.7667	0.0500	-0.2009	-0.2292	-0.0282
36	181983	120	345000	137	0.9999	0.9644	0.9850	0.9996	0.0020	0.0014	0.0291	-0.8292	0.3175	0.2287	1.5000	1.5000	0.8245	0.0500	-0.2850	-0.2605	0.0245
37	279125	92	265000	106	0.9999	0.8420	0.9856	0.9996	0.0037	0.0003	-0.0026	-0.8648	0.2563	0.2040	1.4999	1.4999	0.8158	0.9993	-0.2910	-0.2717	0.0193
38	965652	120	332500	132	0.5788	0.6680	0.4485	0.7180	-0.3096	-0.3045	-0.1669	-0.9856	0.3040	0.3085	1.5000	1.5000	0.9955	1.0796	0.2053	-0.3096	-0.5150
39	419030	120	332500	132	0.3409	0.6548	0.2086	0.7384	-0.7487	-0.2735	0.9116	0.7584	0.3414	0.2429	1.5000	1.5000	0.9663	0.9523	-0.0163	0.2383	0.2545
40	888571	99	300000	120	0.9999	0.8680	0.9992	0.9992	0.0016	-0.0022	-0.0518	0.0919	0.3757	0.2016	1.4999	1.4999	0.7968	0.3705	0.0575	0.0289	-0.0286

=== Median u values (median ± std across seeds) ===
u_1 : median = -0.000180  ±  0.233814  (min = -0.764568, max = +0.005937)
u_2 : median = -0.001248  ±  0.167659  (min = -0.817387, max = +0.009553)
u_3 : median = +0.021938  ±  0.306886  (min = -0.350580, max = +1.000000)
u_4 : median = -0.311758  ±  0.646083  (min = -1.000000, max = +1.000000)
