=== BENCHMARK RESULTS ===
Optimization mode: q_varMS_4d, objective: q_varMS, 4D: true, maximize: true
N_shots = 250, noise model = binomial
Fixed α = 1.5, κ = 1.9
Number of simulations: 40, n_iter = 120, n_restarts = 10
Fidelity threshold: Q* = 0.999  stop_mode=mu_one_check
use_variable_mode = false
Acquisition: ucb(k=1,random)  (acq_type=ucb, k_acq=1, min_sep=0.05, use_zoom=false, M_zoom=200, zoom_radius=0.1, use_lbfgs_acq=false, use_grad_acq=false, a_bound=1.0)
Q_noisy benchmark N = 100000
Elapsed time: 0:19:39

=== RESULTS SUMMARY ===
Best Q_det = 0.9999998929399276 (Simulation 9, Seed 225142, Iterations 52)
Average Q_det = 0.9580981277400668 ± 0.13694142958033598
Median Q_det = 0.999395427648442
Min Q_det = 0.30363565639492185
Max Q_det = 0.9999998929399276
Average Q_noisy_hN (N=100000) = 0.9380869548062074 ± 0.16571488601016682
Median  Q_noisy_hN (N=100000) = 0.9872050230887229
Average iterations = 73.175 ± 27.51306216588022
Median iterations  = 66.5
Total training points across all sims = 3533

=== BEST RESULT PHYSICAL PARAMETERS ===
Recommended f_cl = 4.111550352057409e+14
Recommended f_sb = 3.009981388383524e+06
Recommended A    = 1.059988863115709e+06
Recommended phi  = -0.04590894088191669
Baseline   f_cl = 4.111550352057448e+14  f_sb = 3.010000000000000e+06  A = 1.053929151644826e+06
Best final GP hyperparameters:
  ℓ  = [0.2231, 0.202, 1.4999, 1.4999]
  σf = 0.6537
  c  = 0.5337
Best u_rec = [-0.0003061457159718128, -0.0014810653805768113, 0.0287481917613981, -0.14613269746941276]

=== All Results ===
Sim	Seed	Iterations	TotalShots	NTrain	Q_det	Q_noisy_last	Q_noisy_hN	Q_rec	u_1	u_2	u_3	u_4	ℓ1	ℓ2	ℓ3	ℓ4	σf	c	drift	phi_rec	delta_phi
1	714078	50	17750	71	0.9996	0.0000	0.9988	1.0000	-0.0050	0.0085	0.1516	-0.0773	0.3461	0.1864	1.5000	1.5000	0.8373	1.3523	-0.0358	-0.0243	0.0116
2	849665	53	16750	67	0.9997	0.9760	0.9947	1.0000	0.0046	-0.0084	-0.1018	-0.5702	0.2188	0.1150	1.4999	1.4999	0.6276	1.4397	-0.1653	-0.1791	-0.0139
3	670733	83	24750	99	0.9994	0.9840	0.9843	1.0000	-0.0017	0.0088	0.1860	0.8133	0.5272	0.2584	1.4999	1.4999	0.9028	1.2213	0.1506	0.2555	0.1049
4	400294	120	33250	132	0.9889	0.9560	0.9836	0.9560	0.0002	0.0364	0.5649	-0.5075	0.3022	0.2096	1.5000	1.5000	0.8321	1.7098	-0.2989	-0.1594	0.1395
5	909858	66	21000	84	0.9999	0.9920	0.9943	1.0000	-0.0044	0.0050	0.1083	-0.3543	0.3019	0.2209	1.4999	1.4999	0.7003	0.5154	-0.2013	-0.1113	0.0900
6	473966	70	21000	84	0.9995	0.9280	0.9872	1.0000	-0.0012	0.0069	0.2070	-0.6761	0.2570	0.1683	1.5000	1.5000	0.7108	1.0272	-0.2285	-0.2124	0.0161
7	981559	110	32250	129	0.9996	1.0000	0.9947	1.0000	0.0102	-0.0079	-0.0365	0.1511	0.4105	0.2278	1.5000	1.5000	0.8980	1.4020	0.0492	0.0475	-0.0018
8	318670	57	18000	72	0.9992	0.9440	0.9828	1.0000	0.0042	0.0064	0.1399	0.7022	0.1889	0.1972	1.4999	1.4999	0.6817	1.9892	0.2359	0.2206	-0.0153
9	225142	52	16250	65	1.0000	0.9640	0.9994	1.0000	-0.0003	-0.0015	0.0287	-0.1461	0.2231	0.2020	1.4999	1.4999	0.6537	0.5337	0.0176	-0.0459	-0.0635
10	359405	43	14500	58	0.9989	0.9160	0.9936	1.0000	-0.0016	0.0099	0.0287	-0.4229	0.3057	0.1655	1.4999	1.4999	0.8757	0.3570	-0.0154	-0.1328	-0.1174
11	250215	58	18500	74	0.9983	0.9040	0.9649	1.0000	-0.0175	0.0028	0.1036	-0.6692	0.4378	0.1883	1.4999	1.4999	0.7749	0.5511	-0.2230	-0.2102	0.0128
12	558664	120	33250	132	0.9938	0.9400	0.9936	0.9840	0.0148	0.0153	0.0836	-0.5086	0.2460	0.1355	1.5000	1.5000	0.8389	1.5367	-0.1354	-0.1598	-0.0244
13	438880	68	21000	84	0.9996	0.9160	0.9900	1.0000	0.0087	-0.0025	-0.0384	0.3895	0.2943	0.1549	1.4999	1.4999	0.7923	0.0500	-0.0289	0.1224	0.1512
14	5937	51	16750	67	0.9996	0.8360	0.9805	1.0000	0.0008	-0.0062	-0.1375	0.8563	0.3386	0.1265	1.4999	1.4999	0.6927	0.0500	0.2499	0.2690	0.0191
15	615903	56	17500	70	0.9972	0.8840	0.9884	1.0000	-0.0087	-0.0121	-0.2239	0.8432	0.4541	0.1818	1.4999	1.4999	0.9545	0.0500	0.2204	0.2649	0.0445
16	150574	116	32250	129	0.9998	0.9320	0.9927	1.0000	-0.0039	-0.0020	0.0499	0.6424	0.2426	0.1102	1.4999	1.4999	0.4996	1.3772	0.2479	0.2018	-0.0461
17	963284	41	14000	56	0.9993	0.8760	0.9948	1.0000	0.0130	-0.0078	-0.0052	-0.7726	0.2614	0.1479	1.4999	1.4999	0.6511	0.0500	-0.1816	-0.2427	-0.0611
18	473867	83	25000	100	0.9998	0.9240	0.9965	1.0000	-0.0017	0.0060	0.0973	-0.3126	0.3421	0.2156	1.4999	1.4999	0.8848	0.0500	-0.1267	-0.0982	0.0285
19	150918	63	19500	78	0.9994	0.8560	0.9992	1.0000	0.0089	0.0001	0.0566	-0.2555	0.3127	0.1611	1.4999	1.4999	0.7434	0.0500	-0.1439	-0.0803	0.0637
20	955377	72	24000	96	0.9996	0.9320	0.9821	1.0000	0.0046	-0.0071	-0.1508	0.7190	0.3681	0.2254	1.4999	1.4999	0.8222	1.4315	0.3084	0.2259	-0.0825
21	902578	90	26750	107	0.9994	0.9440	0.9858	1.0000	-0.0057	-0.0045	0.0176	-0.5802	0.3187	0.2205	1.5000	1.5000	0.7298	1.0193	-0.2386	-0.1823	0.0563
22	61646	120	33250	132	0.8154	0.7680	0.5768	0.7400	0.1099	0.0963	0.8934	0.9114	0.1500	0.1286	1.3168	1.5000	0.9273	1.4188	0.0197	0.2863	0.2666
23	197255	54	16750	67	0.9999	0.9600	0.9846	1.0000	0.0021	-0.0034	-0.0833	0.7218	0.3243	0.1957	1.4999	1.4999	0.9097	1.0256	0.2468	0.2268	-0.0200
24	462583	120	33250	132	0.3036	0.6160	0.1864	0.7400	-0.7183	-0.2560	1.0000	0.8797	0.2425	0.2616	1.5000	1.5000	0.9618	1.1428	-0.0658	0.2764	0.3421
25	184672	51	16250	65	0.9998	0.9760	0.9993	1.0000	0.0028	0.0023	0.0632	-0.0717	0.4471	0.1165	1.4999	1.4999	0.5628	0.0500	-0.1289	-0.0225	0.1064
26	831702	72	23250	93	0.9980	0.9640	0.9803	1.0000	0.0059	0.0108	0.1427	0.6927	0.4423	0.1991	1.4999	1.4999	0.8869	0.8655	0.2499	0.2176	-0.0323
27	720308	68	20500	82	0.9999	0.9720	0.9969	1.0000	0.0058	-0.0029	-0.0182	-0.5029	0.3255	0.1408	1.4999	1.4999	0.5919	0.7463	-0.2288	-0.1580	0.0708
28	16729	67	20500	82	0.9967	0.9560	0.9787	1.0000	0.0121	0.0103	0.1911	0.5205	0.3394	0.1257	1.4999	1.4999	0.7591	0.7292	0.1406	0.1635	0.0229
29	387749	120	33250	132	0.4998	0.4880	0.4232	0.5920	0.0065	-0.8489	0.8206	1.0000	0.3213	0.1514	1.5000	1.4848	0.8759	1.8014	-0.1236	0.3142	0.4377
30	215846	51	17000	68	0.9994	0.9200	0.9962	1.0000	0.0051	0.0026	0.1398	-0.4880	0.2870	0.1515	1.4999	1.4999	0.7214	1.5888	-0.1770	-0.1533	0.0237
31	312561	51	17750	71	0.9995	0.9680	0.9926	1.0000	0.0028	-0.0080	-0.1673	0.4477	0.3608	0.1993	1.4999	1.4999	0.8592	1.1103	0.1631	0.1407	-0.0224
32	749598	41	14000	56	0.9992	0.8040	0.9954	1.0000	-0.0038	-0.0081	-0.1030	-0.2912	0.2520	0.1495	1.4999	1.4999	0.6911	0.0500	-0.0957	-0.0915	0.0042
33	631837	41	14000	56	0.9986	0.9240	0.9867	1.0000	-0.0086	0.0077	-0.0810	-0.4549	0.1002	0.1001	1.4999	1.4999	0.5654	0.0500	-0.1406	-0.1429	-0.0023
34	746550	69	20500	82	0.9999	0.9840	0.9846	1.0000	-0.0021	0.0004	-0.0219	-0.7225	0.2208	0.1145	1.4999	1.4999	0.5386	1.2974	-0.2694	-0.2270	0.0425
35	709734	41	14000	56	0.9987	0.0000	0.9861	1.0000	0.0057	-0.0073	0.1508	-0.8675	0.3755	0.1902	1.4999	1.4999	0.8687	0.8540	-0.2009	-0.2725	-0.0716
36	181983	120	33250	132	0.8662	0.7520	0.8272	0.8120	0.0951	0.0702	1.0000	-1.0000	0.2774	0.2364	1.5000	1.5000	0.8940	1.2744	-0.2850	-0.3142	-0.0292
37	279125	85	24750	99	0.9996	0.9720	0.9872	1.0000	0.0066	0.0010	0.0323	-0.8890	0.2117	0.1446	1.4999	1.4999	0.5211	1.2860	-0.2910	-0.2793	0.0117
38	965652	58	18250	73	0.9998	0.9200	0.9828	1.0000	0.0050	-0.0001	0.0059	0.7049	0.2412	0.1636	1.4999	1.4999	0.6156	0.0500	0.2053	0.2215	0.0161
39	419030	56	17250	69	0.9991	0.9400	0.9983	1.0000	0.0087	-0.0008	0.1480	-0.0702	0.2200	0.1124	1.4999	1.4999	0.6316	0.0500	-0.0163	-0.0221	-0.0058
40	888571	120	33250	132	0.8803	0.4160	0.8784	0.5240	-0.0312	0.6376	1.0000	0.8619	0.4036	0.4217	1.5000	1.5000	1.0438	1.4906	0.0575	0.2708	0.2133

=== Median u values (median ± std across seeds) ===
u_1 : median = +0.002801  ±  0.117039  (min = -0.718291, max = +0.109857)
u_2 : median = +0.000287  ±  0.176014  (min = -0.848905, max = +0.637573)
u_3 : median = +0.059889  ±  0.330769  (min = -0.223891, max = +1.000000)
u_4 : median = -0.111697  ±  0.641339  (min = -1.000000, max = +1.000000)
