=== BENCHMARK RESULTS ===
Optimization mode: q_varMS_4d, objective: q_varMS, 4D: true, maximize: true
N_shots = 400, noise model = binomial
Fixed α = 1.5, κ = 1.9
Number of simulations: 40, n_iter = 120, n_restarts = 10
Fidelity threshold: Q* = 0.999  stop_mode=mu_one_check
use_variable_mode = false
Acquisition: ucb(k=1,random)  (acq_type=ucb, k_acq=1, min_sep=0.05, use_zoom=false, M_zoom=200, zoom_radius=0.1, use_lbfgs_acq=false, use_grad_acq=false, a_bound=1.0)
Q_noisy benchmark N = 100000
Elapsed time: 0:19:25

=== RESULTS SUMMARY ===
Best Q_det = 0.9999590365720039 (Simulation 9, Seed 225142, Iterations 79)
Average Q_det = 0.930077519415694 ± 0.18795859875275758
Median Q_det = 0.9994729315287596
Min Q_det = 0.317426224608298
Max Q_det = 0.9999590365720039
Average Q_noisy_hN (N=100000) = 0.9097181520444565 ± 0.22301291118638414
Median  Q_noisy_hN (N=100000) = 0.9917545332297311
Average iterations = 81.975 ± 31.518401218726424
Median iterations  = 81.0
Total training points across all sims = 3925

=== BEST RESULT PHYSICAL PARAMETERS ===
Recommended f_cl = 4.111550352057846e+14
Recommended f_sb = 3.009983218042473e+06
Recommended A    = 1.053563452437676e+06
Recommended phi  = -0.01111907164217623
Baseline   f_cl = 4.111550352057448e+14  f_sb = 3.010000000000000e+06  A = 1.053929151644826e+06
Best final GP hyperparameters:
  ℓ  = [0.3356, 0.174, 1.4999, 1.4999]
  σf = 0.7041
  c  = 1.408
Best u_rec = [0.0031717827844277976, -0.00133546574761143, -0.0017349325928579088, -0.035393104288905304]

=== All Results ===
Sim	Seed	Iterations	TotalShots	NTrain	Q_det	Q_noisy_last	Q_noisy_hN	Q_rec	u_1	u_2	u_3	u_4	ℓ1	ℓ2	ℓ3	ℓ4	σf	c	drift	phi_rec	delta_phi
1	714078	57	34800	87	0.9996	0.9425	0.9986	1.0000	-0.0044	0.0002	-0.0826	-0.1039	0.3230	0.1894	1.4999	1.4999	0.7584	0.0500	-0.0358	-0.0326	0.0032
2	849665	106	53600	134	0.9985	0.9825	0.9969	1.0000	0.0096	-0.0014	-0.1902	-0.4816	0.4056	0.2452	1.4999	1.4999	0.8045	1.5050	-0.1653	-0.1513	0.0140
3	670733	29	17600	44	0.9988	0.7225	0.9816	1.0000	0.0136	-0.0011	0.0575	0.4601	0.2246	0.1301	1.4999	1.4999	0.7817	1.4003	0.1506	0.1445	-0.0061
4	400294	120	53200	132	0.3713	0.3050	0.3043	0.4250	-0.5643	-0.5140	-1.0000	-0.6756	0.1466	0.0678	1.5000	0.7352	0.7594	0.7540	-0.2989	-0.2122	0.0867
5	909858	50	25600	64	0.9998	0.9925	0.9968	1.0000	0.0044	-0.0033	-0.0851	-0.4648	0.2890	0.1674	1.5000	1.5000	0.7264	0.0500	-0.2013	-0.1460	0.0553
6	473966	104	47600	119	0.9992	0.9650	0.9956	1.0000	0.0092	0.0017	0.0342	-0.6340	0.3963	0.1924	1.4999	1.4999	0.6506	0.9345	-0.2285	-0.1992	0.0293
7	981559	63	32400	81	0.9999	0.9400	0.9962	1.0000	0.0004	-0.0020	-0.0698	0.3530	0.3313	0.2151	1.4999	1.4999	0.8507	0.0500	0.0492	0.1109	0.0617
8	318670	89	41200	103	0.9990	0.9075	0.9835	1.0000	-0.0017	0.0081	0.2872	0.8381	0.4969	0.0956	1.4999	1.4999	0.6454	1.1056	0.2359	0.2633	0.0274
9	225142	79	37200	93	1.0000	0.9950	0.9999	1.0000	0.0032	-0.0013	-0.0017	-0.0354	0.3356	0.1740	1.4999	1.4999	0.7041	1.4080	0.0176	-0.0111	-0.0287
10	359405	120	54800	136	0.9999	0.0000	0.9998	1.0000	0.0003	0.0024	0.0459	0.0135	0.4105	0.2384	1.5000	1.5000	0.8799	0.3629	-0.0154	0.0042	0.0196
11	250215	36	20000	50	0.9991	0.9750	0.9969	1.0000	0.0108	-0.0002	0.0820	-0.5683	0.2428	0.1875	1.4999	1.4999	0.8427	0.5258	-0.2230	-0.1786	0.0445
12	558664	120	54800	136	0.9966	0.9575	0.9957	0.9900	0.0181	0.0048	0.1331	-0.2754	0.2377	0.1950	1.5000	1.5000	0.7417	1.6182	-0.1354	-0.0865	0.0489
13	438880	60	30800	77	0.9996	0.8975	0.9983	1.0000	-0.0036	-0.0051	-0.0761	-0.1314	0.4454	0.1782	1.5000	1.5000	0.7063	0.0500	-0.0289	-0.0413	-0.0124
14	5937	120	54000	134	0.9995	0.9700	0.9903	0.9850	0.0095	-0.0013	0.0083	0.3439	0.3324	0.2141	1.5000	1.5000	0.9430	0.9621	0.2499	0.1081	-0.1418
15	615903	77	36800	92	0.9996	1.0000	0.9977	1.0000	-0.0088	0.0013	0.0678	0.5075	0.3488	0.1969	1.4999	1.4999	0.8685	0.9279	0.2204	0.1594	-0.0610
16	150574	120	53200	132	0.5344	0.6925	0.4722	0.7375	-0.2873	-0.3564	-0.4379	-0.7783	0.3152	0.3372	1.5000	1.5000	0.9267	1.2592	0.2479	-0.2445	-0.4924
17	963284	103	47200	118	0.9997	0.9225	0.9869	1.0000	-0.0017	-0.0044	-0.1038	-0.6705	0.3586	0.2347	1.4999	1.4999	0.9082	1.0687	-0.1816	-0.2106	-0.0290
18	473867	56	28800	72	0.9997	0.9450	0.9941	1.0000	-0.0038	0.0051	0.0089	-0.3703	0.4105	0.2105	1.4999	1.4999	0.8225	0.0500	-0.1267	-0.1163	0.0104
19	150918	69	34800	87	0.9992	0.9875	0.9959	1.0000	0.0040	-0.0028	0.1739	-0.4639	0.3939	0.2633	1.4999	1.4999	0.8320	0.0500	-0.1439	-0.1457	-0.0018
20	955377	23	14800	37	0.9999	0.9575	0.9776	1.0000	0.0017	-0.0023	-0.0558	0.9072	0.1803	0.0798	1.4999	1.4999	0.7854	0.3999	0.3084	0.2850	-0.0234
21	902578	81	38000	95	0.9992	0.9125	0.9961	1.0000	0.0063	0.0044	0.1167	-0.5203	0.2595	0.1000	1.4999	1.4999	0.6432	1.0345	-0.2386	-0.1634	0.0751
22	61646	120	53200	132	0.5051	0.1975	0.3021	0.3675	-0.0993	-0.9998	0.1161	1.0000	0.1246	0.0838	1.5000	1.5000	0.9333	2.1632	0.0197	0.3142	0.2944
23	197255	81	39200	98	0.9998	0.9900	0.9880	1.0000	-0.0032	-0.0009	-0.0667	0.7657	0.3533	0.2003	1.4999	1.4999	0.7702	0.4706	0.2468	0.2406	-0.0062
24	462583	120	53200	132	0.3174	0.8125	0.1827	0.6525	-0.7162	-0.2732	0.8160	0.6496	0.2802	0.2368	1.5000	1.5000	1.0010	1.5893	-0.0658	0.2041	0.2699
25	184672	120	53200	132	0.4994	0.0000	0.4134	0.5425	0.0185	-0.8529	0.7736	0.9798	0.1252	0.0856	1.5000	0.7549	0.9701	1.4337	-0.1289	0.3078	0.4367
26	831702	96	44400	111	0.9998	0.9675	0.9876	1.0000	-0.0019	0.0021	0.1534	0.7653	0.4096	0.2007	1.4999	1.4999	0.8318	0.3052	0.2499	0.2404	-0.0095
27	720308	41	23200	58	0.9997	0.9200	0.9910	1.0000	0.0061	-0.0083	-0.0692	-0.7652	0.2627	0.1455	1.4999	1.4999	0.6409	1.2903	-0.2288	-0.2404	-0.0116
28	16729	46	25200	63	0.9994	0.9725	0.9898	1.0000	0.0000	-0.0091	-0.0957	0.6153	0.3598	0.1515	1.4999	1.4999	0.8737	0.0500	0.1406	0.1933	0.0527
29	387749	95	44000	110	0.9996	0.9150	0.9983	1.0000	0.0100	-0.0087	-0.0640	-0.0485	0.2182	0.1427	1.3056	1.4999	0.9723	1.1144	-0.1236	-0.0152	0.1084
30	215846	85	41600	104	0.9995	0.9325	0.9913	1.0000	0.0046	0.0013	0.1540	-0.6929	0.3998	0.2600	1.4999	1.4999	0.7846	1.0657	-0.1770	-0.2177	-0.0407
31	312561	54	28800	72	0.9999	0.7225	0.9905	1.0000	0.0027	0.0009	0.0315	0.5377	0.3802	0.1663	1.4999	1.4999	0.8755	0.8951	0.1631	0.1689	0.0059
32	749598	47	24800	62	0.9998	0.7400	0.9987	1.0000	-0.0008	0.0020	-0.0364	-0.2080	0.4875	0.2267	1.4999	1.4999	0.8260	0.7573	-0.0957	-0.0654	0.0303
33	631837	93	47600	119	0.9965	0.9825	0.9694	1.0000	-0.0205	-0.0027	-0.0339	-0.4734	0.4608	0.2572	1.4999	1.4999	0.7489	1.3128	-0.1406	-0.1487	-0.0081
34	746550	120	54800	136	0.9993	0.9775	0.9926	0.9900	-0.0017	0.0099	0.1632	-0.4786	0.3576	0.1699	1.5000	1.5000	0.6237	1.1627	-0.2694	-0.1503	0.1191
35	709734	23	14800	37	0.9999	0.9900	0.9912	1.0000	-0.0031	0.0053	0.0890	-0.5070	0.2182	0.1572	1.4999	1.4999	0.7559	0.0500	-0.2009	-0.1593	0.0416
36	181983	120	56400	140	0.9988	0.9850	0.9782	0.9950	-0.0017	-0.0111	-0.1790	-0.8649	0.4509	0.2413	1.5000	1.5000	0.6686	0.9683	-0.2850	-0.2717	0.0133
37	279125	120	54400	135	0.9982	0.9700	0.9975	0.9825	0.0173	-0.0014	-0.0021	-0.5857	0.3028	0.1613	1.5000	1.5000	0.9554	1.2299	-0.2910	-0.1840	0.1070
38	965652	81	38800	97	0.9997	0.9825	0.9935	1.0000	-0.0037	0.0064	0.0392	0.6193	0.2346	0.1722	1.4999	1.4999	0.5815	1.1451	0.2053	0.1945	-0.0108
39	419030	59	29600	74	0.9993	0.9075	0.9857	1.0000	-0.0085	-0.0004	0.1097	-0.5020	0.3780	0.1768	1.4999	1.4999	0.6756	0.0500	-0.0163	-0.1577	-0.1415
40	888571	76	36000	90	0.9997	0.5125	0.9922	1.0000	0.0045	-0.0002	0.1044	0.4174	0.3305	0.1578	1.4999	1.4999	0.8985	0.2480	0.0575	0.1311	0.0736

=== Median u values (median ± std across seeds) ===
u_1 : median = +0.000141  ±  0.148812  (min = -0.716156, max = +0.018474)
u_2 : median = -0.001186  ±  0.224601  (min = -0.999818, max = +0.009898)
u_3 : median = +0.020197  ±  0.270315  (min = -1.000000, max = +0.815967)
u_4 : median = -0.169702  ±  0.589139  (min = -0.864898, max = +1.000000)
