=== TRACE BENCHMARK RESULTS ===
N_shots = 100
n_init = 12
n_iter = 160
num_sims = 40
workers = 4
threshold = 0.99
require_surrogate_confidence = false
stopping_rule = two_noisy
score_mode = odd_penalty
confidence_z = 1.0
restart_on_stagnation = true
restart_failure_window = 8
restart_min_active_iter = 16
restart_min_delta = 0.01
restart_disable_lcb = 0.8
restart_max_restarts = 5
restart_seed_policy = reset_local_bo_rng_and_worker_global_rng
kappa = 1.9
path_guard = false
path_guard_init_design = latin_hypercube
path_guard_init_center_exclusion = 0.0
path_guard_init_sobol_skip_max = 2048
decision_q_max = 1.0
path_guard_trust_start_q = 0.7
path_guard_strong_trust_q = 0.9
path_guard_global_scout_period = 7
path_guard_global_scout_frac = 0.15
center_jitter_u_max = 0.0
M_acq = 5000
M_rec = 20000
elapsed_seconds = 3235.8912160396576

=== RESULTS SUMMARY ===
Early stops = 34 / 40
Average Q_det = 0.9032485933377753 +/- 0.2468907036056218
Median Q_det = 0.9917881933565595
Min Q_det = 0.0
Max Q_det = 0.9988537378841398
Average log10(1-Q_det) = -1.9026975039486036 +/- 0.749673195277704
Average iterations = 81.925 +/- 45.02272218358762
Average total shots = 11315.0
Total restarts = 56
Average restarts = 1.4 +/- 1.661016062226479

=== All Results ===
Sim	Seed	Iterations	StoppedEarly	Restarts	RestartSeeds	TotalShots	NTrain	Q_det	Q_rec	Q_last	center_jitter_u1	center_jitter_u2	center_jitter_u3	true_opt_u1	true_opt_u2	true_opt_u3	ell1	ell2	ell3	sigma_f	c
1	53119	133	true	3	1034531864;325954841;1771032064	18300	56	0.98485820557257309	1	1	0	0	0	-0	-0	-0	0.18004175285032514	0.16645005064334539	1.4998500074997501	0.8885875569006737	0.76494008764570087
2	150146	87	true	2	1792862386;261784642	12400	51	0.98112329929763875	1	1	0	0	0	-0	-0	-0	0.18076564984384846	0.10654895250336839	1.4998500074997501	0.85538779118840691	0.55955985317789536
3	17248	47	true	0		6100	59	0.98241440165382588	1	1	0	0	0	-0	-0	-0	0.3281340174438912	0.17450723061892134	1.4998500074997501	0.93356790746869223	1.0540803296338106
4	175324	160	false	5	1722047792;548738612;1887442568;1302344432;1257403020	23300	24	0.24676146297299997	0.15999999999999998	0.23999999999999999	0	0	0	-0	-0	-0	0.066376955590877709	1.5	0.37297221922586449	0.74606292044410372	0.050000000000000031
5	277689	160	false	4	731187620;962006021;225122435;1876497505	22100	35	0.58978266602935481	0.53999999999999992	0.56000000000000005	0	0	0	-0	-0	-0	0.066342779351751105	0.050000000000000031	1.5	0.76572211347872887	0.47360660752289963
6	850678	28	true	0		4100	40	0.9947896612265823	1	1	0	0	0	-0	-0	-0	0.17153571483391319	0.14090339166595123	1.4998500074997501	0.93012035467119902	0.71958448618918347
7	848061	46	true	1	1846555189	7200	34	0.99633650100274274	1	1	0	0	0	-0	-0	-0	0.15920477619419166	0.099854309625524051	1.4998500074997501	0.80813383815453887	0.050005000250008348
8	608768	135	true	3	512637543;1750170504;1672036412	18400	47	0.99116223006435766	1	1	0	0	0	-0	-0	-0	0.20551492455051784	0.13061860996310243	1.4998500074997501	0.7704666115586668	1.0095907558784609
9	114546	21	true	0		3400	33	0.9858821379832966	1	1	0	0	0	-0	-0	-0	0.15165670909214096	0.12496974391451043	1.4998500074997501	0.849301418886659	0.90247341684157123
10	260179	111	true	3	400655196;458498180;2063250480	16000	30	0.97495855759595551	1	1	0	0	0	-0	-0	-0	0.14902985414023337	0.086503829075064043	1.4998500074997501	0.86341335636938366	0.42992905078554078
11	555686	79	true	2	1348566820;904311972	11600	38	0.97209699444651421	1	1	0	0	0	-0	-0	-0	0.28605320779486382	0.14106719536111495	1.4998500074997501	0.9315870357879088	0.050005000250008348
12	826531	32	true	0		4500	44	0.99885373788413978	1	1	0	0	0	-0	-0	-0	0.19231417179827068	0.09856446767786152	1.4998500074997501	0.78075730037468438	0.74363611618027614
13	487835	52	true	1	65318081	7800	36	0.99670830414592004	1	1	0	0	0	-0	-0	-0	0.13744903328579364	0.11037421464562124	1.4998500074997501	0.91749683062899434	0.2274807726885083
14	618633	86	true	1	404579145	11300	74	0.99082592819737536	1	1	0	0	0	-0	-0	-0	0.29531926607836362	0.16949334303802324	1.4998500074997501	0.94364182351015335	0.80043962647171452
15	799688	42	true	0		5500	54	0.99265495545184779	1	1	0	0	0	-0	-0	-0	0.23664375894450754	0.11984856008873876	1.4998500074997501	0.95027645303163	0.86167181376221147
16	917017	87	true	1	703803811	11300	73	0.99762776428527444	1	1	0	0	0	-0	-0	-0	0.20704148187593391	0.17310052844183108	1.4998500074997501	0.95392391753551653	0.050005000250008348
17	568190	37	true	0		5000	49	0.9931035399834176	1	1	0	0	0	-0	-0	-0	0.38376149744802829	0.10514368192811988	1.4998500074997501	0.79297974039971042	0.97960636324153194
18	994296	70	true	1	1766022278	9600	58	0.99489923775402478	1	1	0	0	0	-0	-0	-0	0.1947584317449382	0.15062601935629807	1.5	0.88404338856438136	0.17678864856380208
19	628116	62	true	0		7600	74	0.98424115515575439	1	1	0	0	0	-0	-0	-0	0.30533138000976257	0.15271234665124997	1.4998500074997501	0.87370531995396816	1.0011883070651435
20	153452	53	true	0		6900	65	0.9920396377539632	1	1	0	0	0	-0	-0	-0	0.22352398608350185	0.14923668953065561	1.4998500074997501	0.70923334754852796	0.32118016144582678
21	604886	75	true	0		9200	87	0.9933604094044266	1	1	0	0	0	-0	-0	-0	0.28785730843190749	0.14597952970202485	1.4998500074997501	0.79439138342518378	0.90440507830296502
22	451042	33	true	0		5000	45	0.99600764166827926	1	1	0	0	0	-0	-0	-0	0.30855703952990254	0.16106971262348663	1.4998500074997501	0.88933070370057465	1.1316538316376084
23	397869	24	true	0		3800	36	0.97809872092176231	1	1	0	0	0	-0	-0	-0	0.18578932429538536	0.10807891781343031	1.4998500074997501	0.82179523302424173	0.18148832195294654
24	930673	115	true	3	1791664132;1539727102;709479293	16600	33	0.97277619248327951	1	1	0	0	0	-0	-0	-0	0.2222948977961608	0.1102883016033773	1.4998500074997501	0.86701384403340453	0.050005000250008348
25	108078	3	true	0		1600	15	0.99153674895915578	1	1	0	0	0	-0	-0	-0	0.27386128289835804	0.27386127663764293	0.27386128043627117	0.77459666067080191	0.050005000250008348
26	486922	55	true	1	1120841367	8000	40	0.99665709929283686	1	1	0	0	0	-0	-0	-0	0.16190083102008249	0.13963574526375924	1.4998500074997501	0.81216778629549402	0.38746149730328489
27	570527	160	false	4	1680823293;958039305;388796748;326502995	22100	39	0.52051291317387305	0.45999999999999991	0.39999999999999991	0	0	0	-0	-0	-0	0.11109797071210374	0.056018780744778701	1.5	0.64019995644352246	0.70181726504684838
28	798859	60	true	1	843749345	8800	48	0.98490374843230355	1	1	0	0	0	-0	-0	-0	0.24930504713047305	0.11559795215928703	1.5	0.73300467081911791	0.050000000000000031
29	897261	160	false	5	1472339401;950802551;1883866583;575689295;1523579744	23300	12	0	0	0.34000000000000002	0	0	0	-0	-0	-0	0.28380886592020238	1.5	1.5	0.33278897886732384	1.0713504839556052
30	711342	160	false	5	885251239;1040232340;1714886644;1881128427;1265972561	23400	33	0.99623326218943453	1	0.69999999999999996	0	0	0	-0	-0	-0	0.16021038634422477	0.13298958970556146	1.5	0.80024396346981652	0.050000000000000426
31	213144	85	true	0		10300	97	0.9987935731200227	1	1	0	0	0	-0	-0	-0	0.33618109077400665	0.23418228218647347	1.4998500074997501	0.99416225136499459	0.81667644375607251
32	367969	104	true	1	897564697	13400	86	0.99376492525034066	1	1	0	0	0	-0	-0	-0	0.32876557733256534	0.18799660851338365	1.4998500074997501	0.92704941398663487	0.95448168192991234
33	845006	92	true	1	881753584	12200	66	0.99807912712657165	1	1	0	0	0	-0	-0	-0	0.29976655623121001	0.12332048176262653	1.4998500074997501	0.70985042211278437	0.39591433032895113
34	251894	160	false	4	1628244001;1119755181;2047243157;1802817908	22100	44	0.11640118893027424	0.13999999999999993	0	0	0	0	-0	-0	-0	1.5	1.5	1.5	0.30000000000000004	0.95824450411724815
35	808899	87	true	0		10500	99	0.99601762498176827	1	1	0	0	0	-0	-0	-0	0.3849981448498106	0.23793560751170792	1.4998500074997501	0.99830442079899617	0.84221836942704809
36	660852	44	true	0		5900	56	0.98868181031173985	1	1	0	0	0	-0	-0	-0	0.24167188240702864	0.14894819014649463	1.4998500074997501	0.80875148563926424	0.8414475094252063
37	227742	59	true	0		7500	71	0.98137125037733919	1	1	0	0	0	-0	-0	-0	0.26125186359780406	0.1698419932414241	1.4998500074997501	0.88768061744321336	0.65418317417798855
38	758307	103	true	1	1705169482	13100	91	0.99753619958392292	1	1	0	0	0	-0	-0	-0	0.32723023739037888	0.25861708579795978	1.4998500074997501	1.0528241974639696	1.0223326470090865
39	888534	110	true	3	1392942566;96125464;701771416	16000	40	0.99453871796995064	1	1	0	0	0	-0	-0	-0	0.19013898356602912	0.098694498156027335	1.5	0.83012795798749806	0.050000000000000031
40	445649	60	true	0		7400	72	0.99355220087617335	1	1	0	0	0	-0	-0	-0	0.34918833545295003	0.17463210734017862	1.5	0.97724608525659384	0.77595748852093482
