=== TRACE BENCHMARK RESULTS ===
N_shots = 2500
n_init = 12
n_iter = 160
num_sims = 40
workers = 4
threshold = 0.9996
require_surrogate_confidence = false
stopping_rule = two_noisy
score_mode = odd_penalty
confidence_z = 1.0
restart_on_stagnation = true
restart_failure_window = 8
restart_min_active_iter = 16
restart_min_delta = 0.01
restart_disable_lcb = 0.8
restart_max_restarts = 5
restart_seed_policy = reset_local_bo_rng_and_worker_global_rng
kappa = 1.9
path_guard = false
path_guard_init_design = latin_hypercube
path_guard_init_center_exclusion = 0.0
path_guard_init_sobol_skip_max = 2048
decision_q_max = 1.0
path_guard_trust_start_q = 0.7
path_guard_strong_trust_q = 0.9
path_guard_global_scout_period = 7
path_guard_global_scout_frac = 0.15
center_jitter_u_max = 0.0
bound_scale = 0.5
fixed_init_seed = 0
M_acq = 5000
M_rec = 20000
elapsed_seconds = 3782.839474916458

=== RESULTS SUMMARY ===
Early stops = 31 / 40
Average Q_det = 0.9992937719174245 +/- 0.0008644349042792659
Median Q_det = 0.9995842179877203
Min Q_det = 0.9951495973599477
Max Q_det = 0.9999562102755013
Average log10(1-Q_det) = -3.3571955064057244 +/- 0.4321873320184537
Average iterations = 98.375 +/- 46.35298651623603
Average total shots = 280875.0
Total restarts = 5
Average restarts = 0.125 +/- 0.3349320635285418

=== All Results ===
Sim	Seed	InitialSeed	Iterations	StoppedEarly	Restarts	RestartSeeds	TotalShots	NTrain	Q_det	Q_rec	Q_last	center_jitter_u1	center_jitter_u2	center_jitter_u3	true_opt_u1	true_opt_u2	true_opt_u3	ell1	ell2	ell3	sigma_f	c
1	53119	53119	36	true	0		122500	48	0.99887220776687169	1	1	0	0	0	-0	-0	-0	0.28079212175522655	0.19144943371542766	1.4998500074997501	0.82375103986152531	0.050005000250008348
2	150146	150146	77	true	0		225000	89	0.99962206120708441	1	1	0	0	0	-0	-0	-0	0.39573561442844618	0.23168075134242519	1.4998500074997501	1.1035191145553715	0.68660253393948179
3	17248	17248	50	true	0		160000	62	0.99945681748866733	1	1	0	0	0	-0	-0	-0	0.37794949713929465	0.20272801897770718	1.5	0.9602487550680191	0.050000000000001807
4	175324	175324	98	true	0		277500	110	0.99978555789244694	1	1	0	0	0	-0	-0	-0	0.37811145775967747	0.27237955025481569	1.4998500074997501	1.1842705853183262	0.65896956827848507
5	277689	277689	40	true	0		132500	52	0.99994834665940158	1	1	0	0	0	-0	-0	-0	0.34415997395658904	0.19375336289361772	1.5	0.80394641869659567	0.050000000000000031
6	850678	850678	110	true	1	1830271415	307500	71	0.99939987540636821	1	1	0	0	0	-0	-0	-0	0.35389357994450216	0.24288952519239709	1.4998500074997501	1.0138102875177741	0.53335059766629744
7	848061	848061	104	true	0		297500	116	0.99977150833983652	1	1	0	0	0	-0	-0	-0	0.35515005358715646	0.26438471516494633	1.4998500074997501	0.86571203057223778	0.79885201460250554
8	608768	608768	160	false	0		437500	172	0.99514959735994768	0.996	0.97759999999999991	0	0	0	-0	-0	-0	0.3994670939984567	0.22281602436068165	1.5	1.0255766053194038	0.79654100618991674
9	114546	114546	22	true	0		87500	34	0.99959816835751103	1	1	0	0	0	-0	-0	-0	0.29481879736212141	0.19740630555454872	1.4998500074997501	0.8223805693301145	0.050005000250008348
10	260179	260179	160	false	0		442500	172	0.99884005528595809	0.99920000000000009	0.99120000000000008	0	0	0	-0	-0	-0	0.40360915375773443	0.27252689550846954	1.5	1.4464322361452275	0.69557420595217123
11	555686	555686	91	true	0		265000	103	0.9999562102755013	1	1	0	0	0	-0	-0	-0	0.40084920319479855	0.20842696947062317	1.4998500074997501	0.90091237069740704	0.48371738373862616
12	826531	826531	32	true	0		112500	44	0.99960312896616932	1	1	0	0	0	-0	-0	-0	0.2663749824059734	0.12567626294215201	1.4998500074997501	0.60915294467852621	0.050005000250008348
13	487835	487835	127	true	0		357500	139	0.99925309744232538	1	1	0	0	0	-0	-0	-0	0.45156230115256718	0.25665773049684687	1.4998500074997501	0.95008446850903017	0.72302108565171708
14	618633	618633	80	true	0		232500	92	0.99987697180292912	1	1	0	0	0	-0	-0	-0	0.38586127493560035	0.23052549714816917	1.5	1.1095204222756267	0.4219141145370825
15	799688	799688	126	true	0		347500	138	0.99898168173879265	1	1	0	0	0	-0	-0	-0	0.43167351396241799	0.24580705934848135	1.4998500074997501	1.2738859678466048	0.71666131150231804
16	917017	917017	160	false	0		435000	172	0.99959891291097303	1	0.99680000000000002	0	0	0	-0	-0	-0	0.4018463416699134	0.21889861933149604	1.5	0.90723044164083422	0.77233247064605703
17	568190	568190	160	false	0		435000	172	0.99984309184307807	0.99920000000000009	0.99440000000000006	0	0	0	-0	-0	-0	0.47236288136557181	0.26575425575187034	1.5	1.3637779350774031	0.80948273632756029
18	994296	994296	74	true	0		220000	86	0.99968566083076171	1	1	0	0	0	-0	-0	-0	0.39001061210282473	0.24474155369354486	1.4998500074997501	0.83775167239653914	0.6637520780099625
19	628116	628116	38	true	0		127500	50	0.99955209616102525	1	1	0	0	0	-0	-0	-0	0.29286249521790003	0.18839017694334481	1.4998500074997501	0.72600224835821237	0.050005000250008348
20	153452	153452	62	true	0		187500	74	0.99987728733581061	1	1	0	0	0	-0	-0	-0	0.35306387074297962	0.21149809203198794	1.4998500074997501	0.93566841427154179	0.67530093099010569
21	604886	604886	44	true	0		142500	56	0.99965775573803661	1	1	0	0	0	-0	-0	-0	0.30339917715664361	0.20307033475471201	1.4998500074997501	0.78727792040137556	0.050005000250008348
22	451042	451042	87	true	0		255000	99	0.99953721093970538	1	1	0	0	0	-0	-0	-0	0.39476677246630998	0.24412806090144004	1.4998500074997501	1.0178215547982081	0.40714455191907178
23	397869	397869	160	false	0		435000	172	0.99765362976863148	0.99600000000000011	0.98719999999999997	0	0	0	-0	-0	-0	0.3926472907373233	0.23760831313280489	1.5	1.2138634262156793	0.71039998557372974
24	930673	930673	153	true	1	1791664132	415000	129	0.99959468311703525	1	1	0	0	0	-0	-0	-0	0.45965493183904488	0.25138096746953664	1.4998500074997501	1.2292458775031874	0.66444071016528938
25	108078	108078	104	true	0		295000	116	0.99906768838412063	1	1	0	0	0	-0	-0	-0	0.3814315565098142	0.24976453811601063	1.4998500074997501	1.0737630989211819	0.74478565301737043
26	486922	486922	160	false	1	1120841367	442500	133	0.99912674788466727	0.99840000000000007	0.996	0	0	0	-0	-0	-0	0.442891376030219	0.25425679456942857	1.5	1.3146765258394475	0.78420774717370478
27	570527	570527	62	true	0		187500	74	0.99953046019758218	1	1	0	0	0	-0	-0	-0	0.28538445299619092	0.21237251946347047	1.4998500074997501	0.66461449830522756	0.7965439046052365
28	798859	798859	160	false	0		437500	172	0.99898689452392686	0.99920000000000009	0.98319999999999996	0	0	0	-0	-0	-0	0.44191220594688485	0.2253414907575885	1.5	1.413462826083328	0.73715760697241195
29	897261	897261	66	true	0		205000	78	0.99990312437761075	1	1	0	0	0	-0	-0	-0	0.33053037141496044	0.23285909187952344	1.4998500074997501	0.91742362057850912	0.60525800423048703
30	711342	711342	160	false	0		440000	172	0.99965506484667499	1	0.99519999999999997	0	0	0	-0	-0	-0	0.41461479966143572	0.22951504843172732	1.5	1.2141829829551578	0.6815523884702861
31	213144	213144	98	true	0		280000	110	0.99988557688279245	1	1	0	0	0	-0	-0	-0	0.38790018581444002	0.22288016965085539	1.4998500074997501	0.98094178780023811	0.89110001095781477
32	367969	367969	40	true	0		132500	52	0.99926072940213262	1	1	0	0	0	-0	-0	-0	0.33093137537867701	0.19848564630270257	1.5	0.82622388726410001	0.59266908033827614
33	845006	845006	127	true	1	1183801527	352500	98	0.99959200532261305	1	1	0	0	0	-0	-0	-0	0.44452796264765576	0.26509815006455478	1.4998500074997501	1.1313314867830486	0.62917349508286791
34	251894	251894	111	true	1	1496083822	310000	83	0.99846970521805434	1	1	0	0	0	-0	-0	-0	0.37848020938821669	0.22503645897051699	1.4998500074997501	1.0756095283759408	0.050005000250008348
35	808899	808899	21	true	0		85000	33	0.99970151225957082	1	1	0	0	0	-0	-0	-0	0.29857444379890608	0.15984868749602268	1.4998500074997501	0.804792534864335	0.050005000250008348
36	660852	660852	128	true	0		357500	140	0.99931964589008648	1	1	0	0	0	-0	-0	-0	0.40242990620415264	0.25067459662660529	1.4998500074997501	1.1580366760509895	0.85628079970659254
37	227742	227742	68	true	0		202500	80	0.99929823555223485	1	1	0	0	0	-0	-0	-0	0.36874962333984707	0.24293282861399454	1.4998500074997501	0.94147514363292273	0.60742626692135115
38	758307	758307	160	false	0		435000	172	0.99957643065282775	1	0.99360000000000004	0	0	0	-0	-0	-0	0.41863155311597183	0.23081873359801372	1.5	1.4026861253587299	0.7480512985116573
39	888534	888534	91	true	0		260000	103	0.99749717829312468	1	1	0	0	0	-0	-0	-0	0.33672803747060953	0.24532548757714165	1.4998500074997501	1.0221553413470112	0.4783592380713515
40	445649	445649	128	true	0		355000	140	0.99976426237409177	1	1	0	0	0	-0	-0	-0	0.3999820760670556	0.22043061907162265	1.4998500074997501	1.1083446530148269	0.82853001753717004
