=== TRACE BENCHMARK RESULTS ===
N_shots = 50
n_init = 12
n_iter = 160
num_sims = 40
workers = 4
threshold = 0.98
require_surrogate_confidence = true
stopping_rule = surrogate_then_noisy
score_mode = odd_penalty
confidence_z = 1.0
restart_on_stagnation = true
restart_failure_window = 8
restart_min_active_iter = 16
restart_min_delta = 0.01
restart_disable_lcb = 0.8
restart_max_restarts = 5
restart_seed_policy = reset_local_bo_rng_and_worker_global_rng
kappa = 1.9
path_guard = false
path_guard_init_design = latin_hypercube
path_guard_init_center_exclusion = 0.0
path_guard_init_sobol_skip_max = 2048
decision_q_max = 1.0
path_guard_trust_start_q = 0.7
path_guard_strong_trust_q = 0.9
path_guard_global_scout_period = 7
path_guard_global_scout_frac = 0.15
center_jitter_u_max = 0.0
bound_scale = 0.5
fixed_init_seed = 0
M_acq = 5000
M_rec = 20000
elapsed_seconds = 1560.7146439552307

=== RESULTS SUMMARY ===
Early stops = 40 / 40
Average Q_det = 0.9856635181621811 +/- 0.01703070629398449
Median Q_det = 0.9933535576280614
Min Q_det = 0.9277600141330798
Max Q_det = 0.9989008733084757
Average log10(1-Q_det) = -2.08071611967829 +/- 0.45598434614245315
Average iterations = 36.75 +/- 25.001282018410627
Average total shots = 2523.75
Total restarts = 10
Average restarts = 0.25 +/- 0.49354811679282456

=== All Results ===
Sim	Seed	InitialSeed	Iterations	StoppedEarly	Restarts	RestartSeeds	TotalShots	NTrain	Q_det	Q_rec	Q_last	center_jitter_u1	center_jitter_u2	center_jitter_u3	true_opt_u1	true_opt_u2	true_opt_u3	ell1	ell2	ell3	sigma_f	c
1	53119	53119	32	true	0		2250	45	0.98385039582348988	1	1	0	0	0	-0	-0	-0	0.34845567227175572	0.13861925709320366	0.42268910666099296	0.84223939628625888	0.60561162199199425
2	150146	150146	36	true	0		2450	49	0.96754342390068115	1	0.87999999999999989	0	0	0	-0	-0	-0	0.24936969321222396	0.16339166867777694	1.4998500074997501	0.86067327746445188	0.72556899889080695
3	17248	17248	5	true	0		900	18	0.96354361074852179	1	0.71999999999999997	0	0	0	-0	-0	-0	0.10446609518248456	0.17554395069116954	1.4998500074997501	0.93130823133705887	0.050005000250008348
4	175324	175324	26	true	0		2150	43	0.99268396059538766	1	1	0	0	0	-0	-0	-0	0.35313367097257997	0.25956548163985793	1.4998500074997501	1.0030262893794364	0.62263208839945061
5	277689	277689	41	true	0		2700	54	0.99374257698439428	1	1	0	0	0	-0	-0	-0	0.350131689613702	0.16496692384417949	1.4998500074997501	0.89353635722213431	1.3695160758802387
6	850678	850678	32	true	0		2300	46	0.99538279662502016	1	0.79999999999999993	0	0	0	-0	-0	-0	0.19971916421465305	0.17963897273438428	1.4998500074997501	0.87183636761491701	0.71680564352961496
7	848061	848061	50	true	1	1846555189	3150	27	0.98366578178094799	1	0.24000000000000002	0	0	0	-0	-0	-0	0.13506976235792417	0.092051600242442161	1.4998500074997501	0.78070938606914897	0.050005000250008348
8	608768	608768	13	true	0		1300	26	0.99632344729789912	1	0.79999999999999993	0	0	0	-0	-0	-0	0.15936323501732155	0.072419990781445273	1.4998500074997501	0.77636442329671873	0.52320505177951326
9	114546	114546	13	true	0		1300	26	0.99848481360301267	1	0	0	0	0	-0	-0	-0	0.31388069031618937	0.14373030079944388	1.4998500074997501	0.91167253306593254	0.050005000250008348
10	260179	260179	20	true	0		1650	33	0.98081519687089735	1	0	0	0	0	-0	-0	-0	0.28207984698649075	0.14410364364229628	1.5	0.86228456665314912	0.44755291404080716
11	555686	555686	22	true	0		1800	36	0.99519196668672616	1	1	0	0	0	-0	-0	-0	0.26665416289480881	0.19608184030788764	1.3448166938565171	0.87339202583187692	0.54159869763118573
12	826531	826531	23	true	0		1800	36	0.98038449119520232	1	0.95999999999999996	0	0	0	-0	-0	-0	0.1560245186086919	0.1586283934277033	1.4998500074997501	0.87006632012665408	0.34588691334139637
13	487835	487835	72	true	1	975428593	4300	50	0.99412194934386833	1	1	0	0	0	-0	-0	-0	0.38291417878588568	0.24395420930815478	1.5	1.0182100285889162	1.0601417050452924
14	618633	618633	39	true	0		2600	52	0.99217262873272949	1	0.95999999999999996	0	0	0	-0	-0	-0	0.22342905567128457	0.21371643467148521	1.4998500074997501	0.91821904857622272	0.99578244972428898
15	799688	799688	12	true	0		1300	26	0.97420340954217954	1	0.95999999999999996	0	0	0	-0	-0	-0	0.60563456396591198	0.12696892934280574	1.4998500074997501	0.83434494117450309	0.050005000250008348
16	917017	917017	52	true	0		3250	65	0.99814086283957348	1	0.95999999999999996	0	0	0	-0	-0	-0	0.36528266794718539	0.13725096419356581	1.4998500074997501	0.72289397270235023	0.86077637285956243
17	568190	568190	33	true	0		2300	46	0.98756948920342547	1	1	0	0	0	-0	-0	-0	0.28759613088832175	0.16717251439726055	1.4998500074997501	0.92062477723785252	0.83658455879260663
18	994296	994296	58	true	1	272850448	3600	33	0.99344951694667127	1	0	0	0	0	-0	-0	-0	0.18135973024314622	0.1282337315366647	1.4998500074997501	0.91476185427977774	0.70837327876789236
19	628116	628116	24	true	0		1850	37	0.9879205815684563	1	1	0	0	0	-0	-0	-0	0.27047954768951327	0.15397861551334432	1.4998500074997501	0.91787675139719727	0.5913538391324219
20	153452	153452	24	true	0		1850	37	0.99325759830945171	1	0.91999999999999993	0	0	0	-0	-0	-0	0.1002529451894031	0.055875234012659022	1.4998500074997501	0.90085503887963392	0.050005000250008348
21	604886	604886	37	true	0		2500	50	0.99562487242058828	1	0.91999999999999993	0	0	0	-0	-0	-0	0.17058958613283293	0.10805800302478172	1.4998500074997501	0.6744805492291811	0.57329109486442775
22	451042	451042	25	true	0		1900	38	0.99680636649974341	1	0.80000000000000004	0	0	0	-0	-0	-0	0.2530311225868685	0.13323519384679203	1.4998500074997501	0.91284090635353765	0.56455723502242416
23	397869	397869	23	true	0		1850	37	0.99751035648232711	1	0.91999999999999993	0	0	0	-0	-0	-0	0.3031278337125109	0.13424545901667703	1.4998500074997501	1.0344799890542957	0.42196902212971049
24	930673	930673	52	true	1	1020143094	3250	17	0.96976727376679484	1	0	0	0	0	-0	-0	-0	1.5	0.097968982479126429	0.33849633347718944	0.77492221017263885	0.050000000000000031
25	108078	108078	109	true	1	449856632	6100	83	0.99464790664449509	1	0.67999999999999994	0	0	0	-0	-0	-0	0.40124914140413975	0.21602695212963521	1.4998500074997501	1.3168855484946573	0.88853416736384438
26	486922	486922	59	true	1	1432890779	3850	37	0.95608733662162926	1	1	0	0	0	-0	-0	-0	0.2467032088021022	0.16354637676216724	1.1701680703453698	0.81859644352329919	0.050005000250008348
27	570527	570527	36	true	0		2550	51	0.97083366454289599	1	0.87999999999999989	0	0	0	-0	-0	-0	0.12076653677764644	0.1176785886113491	1.4998500074997501	0.71365994191733562	0.62086575860469828
28	798859	798859	24	true	0		1850	37	0.99209675350857129	1	0.87999999999999989	0	0	0	-0	-0	-0	0.30401846651697073	0.1051268914861887	1.4998500074997501	0.89754613892200397	0.73982079931385547
29	897261	897261	29	true	0		2100	42	0.99379187178503037	1	0.95999999999999996	0	0	0	-0	-0	-0	0.21719186670668428	0.1285089359768298	1.4998500074997501	0.8291074649452761	0.70324650738973304
30	711342	711342	10	true	0		1150	23	0.92776001413307985	1	1	0	0	0	-0	-0	-0	0.080987027702423831	0.065962258657878622	1.5	0.78993528848368288	0.050000000000000031
31	213144	213144	27	true	0		2000	40	0.99804964861274481	1	0.95999999999999996	0	0	0	-0	-0	-0	0.23008441502973881	0.15990307408009063	1.4998500074997501	0.76557129018776415	0.93237117693188887
32	367969	367969	38	true	0		2550	51	0.99749697262375592	1	0.87999999999999989	0	0	0	-0	-0	-0	0.21458869528150093	0.15890951209482701	1.4998500074997501	0.83354130081367872	1.2638460117440335
33	845006	845006	112	true	2	1707894283;1692121551	6300	54	0.98758860240451929	1	1	0	0	0	-0	-0	-0	0.24317373565055167	0.148040087870144	1.4998500074997501	0.8929087607544296	1.2186609677943581
34	251894	251894	58	true	1	1701824169	3650	37	0.92903620063821912	1	0.95999999999999996	0	0	0	-0	-0	-0	0.14593469658511979	0.14784902185274271	1.4998500074997501	0.73217467240884637	0.050005000250008348
35	808899	808899	26	true	0		2000	40	0.99484028582948991	1	1	0	0	0	-0	-0	-0	0.22139367766589124	0.19329326287781684	1.4998500074997501	0.93210450924474753	0.96064476028237056
36	660852	660852	30	true	0		2200	44	0.99890087330847566	1	0.84000000000000008	0	0	0	-0	-0	-0	0.27724166915040321	0.16813966856609336	1.5	0.82729934199549293	0.9083517771950943
37	227742	227742	20	true	0		1700	34	0.99585165209832549	1	1	0	0	0	-0	-0	-0	0.27434591983784962	0.18299934992227146	1.5	0.87192498314687605	0.94545301650356772
38	758307	758307	3	true	0		800	16	0.9856034143036343	1	0.76000000000000001	0	0	0	-0	-0	-0	0.17338689478305611	0.16182130789804941	0.33255423378968857	0.97939508559160515	0.050005000250008348
39	888534	888534	94	true	1	1869328938	5600	76	0.99660982579251656	1	1	0	0	0	-0	-0	-0	0.30406788357579106	0.19083629340161798	1.4998500074997501	0.8683008174330672	0.9735136298900452
40	445649	445649	31	true	0		2250	45	0.99518833587187649	1	0.95999999999999996	0	0	0	-0	-0	-0	0.25024197630173317	0.23200151499254612	1.4998500074997501	0.94425662157723478	1.1360786728319536
