=== TRACE BENCHMARK RESULTS ===
N_shots = 100
n_init = 12
n_iter = 160
num_sims = 40
workers = 4
threshold = 1.0
require_surrogate_confidence = false
stopping_rule = two_noisy
score_mode = odd_penalty
confidence_z = 1.0
restart_on_stagnation = true
restart_failure_window = 8
restart_min_active_iter = 16
restart_min_delta = 0.01
restart_disable_lcb = 0.8
restart_max_restarts = 5
restart_seed_policy = reset_local_bo_rng_and_worker_global_rng
kappa = 1.9
path_guard = false
path_guard_init_design = latin_hypercube
path_guard_init_center_exclusion = 0.0
path_guard_init_sobol_skip_max = 2048
decision_q_max = 1.0
path_guard_trust_start_q = 0.7
path_guard_strong_trust_q = 0.9
path_guard_global_scout_period = 7
path_guard_global_scout_frac = 0.15
center_jitter_u_max = 0.0
bound_scale = 0.5
M_acq = 5000
M_rec = 20000
elapsed_seconds = 1209.629229068756

=== RESULTS SUMMARY ===
Early stops = 40 / 40
Average Q_det = 0.9885325787963257 +/- 0.009801477798996365
Median Q_det = 0.9914895507793507
Min Q_det = 0.9486592615574813
Max Q_det = 0.9994191904929454
Average log10(1-Q_det) = -2.105327986673239 +/- 0.4201929910299562
Average iterations = 26.775 +/- 17.31382654827031
Average total shots = 4230.0
Total restarts = 5
Average restarts = 0.125 +/- 0.40430377003131995

=== All Results ===
Sim	Seed	Iterations	StoppedEarly	Restarts	RestartSeeds	TotalShots	NTrain	Q_det	Q_rec	Q_last	center_jitter_u1	center_jitter_u2	center_jitter_u3	true_opt_u1	true_opt_u2	true_opt_u3	ell1	ell2	ell3	sigma_f	c
1	53119	39	true	0		5500	51	0.99737725978235403	1	1	0	0	0	-0	-0	-0	0.22226756751298607	0.19441659141534601	1.4998500074997501	0.81922524872510327	1.0371380518148776
2	150146	20	true	0		3300	32	0.97907032104056146	1	1	0	0	0	-0	-0	-0	0.25713922796893868	0.14314813301599422	1.5	0.852052256734252	0.38942476522300978
3	17248	20	true	0		3400	32	0.99277983776386802	1	1	0	0	0	-0	-0	-0	0.30380489091371915	0.149609877368445	1.5	0.84767416490353675	0.97317885513706326
4	175324	14	true	0		2800	26	0.97868316264969213	1	1	0	0	0	-0	-0	-0	0.31925543278291907	0.32758263930045423	0.76791638553069252	1.0118328995871533	0.050005000250008348
5	277689	6	true	0		1900	18	0.99374019410777947	1	1	0	0	0	-0	-0	-0	0.27394641123094832	0.27400832460683372	0.27367489840329345	0.77459339548139372	0.050005000250008348
6	850678	73	true	2	455245364;617530428	11200	33	0.99036242948503284	1	1	0	0	0	-0	-0	-0	0.26250952409979478	0.20097425152395254	1.4998500074997501	0.8825932933638897	0.17899637095672261
7	848061	18	true	0		3100	30	0.99868464877455843	1	1	0	0	0	-0	-0	-0	0.3240191544686381	0.14877166019040319	1.4998500074997501	1.1086269426264574	0.050005000250008348
8	608768	18	true	0		3200	30	0.99537352168227666	1	1	0	0	0	-0	-0	-0	0.14458389084931597	0.069629982849641392	1.4998500074997501	0.81972853800299972	0.36973718250990717
9	114546	13	true	0		2600	25	0.94865926155748126	1	1	0	0	0	-0	-0	-0	0.11956672977078558	0.13203618985932092	1.4998500074997501	0.86410508778775408	0.050005000250008348
10	260179	27	true	0		4200	39	0.99784212466876743	1	1	0	0	0	-0	-0	-0	0.26609595220942583	0.136732383683523	1.4998500074997501	0.86711058784160289	0.46445610602293175
11	555686	27	true	0		4000	39	0.99356577545720137	1	1	0	0	0	-0	-0	-0	0.26470617022985582	0.086660417879581536	1.4998500074997501	0.71644514229620804	0.66882158799640168
12	826531	32	true	0		4600	44	0.98980541924329646	1	1	0	0	0	-0	-0	-0	0.21829584763368987	0.10561688853683111	1.4998500074997501	0.63133568503537174	0.050005000250008348
13	487835	30	true	0		4400	42	0.98629151332883525	1	1	0	0	0	-0	-0	-0	0.23257062842934811	0.11689260749471241	1.5	0.75778265380462162	0.77047118093855671
14	618633	32	true	0		4600	44	0.99631641525268577	1	1	0	0	0	-0	-0	-0	0.19594628552376711	0.13415663244078016	1.4998500074997501	0.83146992670928255	0.73793617063490413
15	799688	22	true	0		4000	34	0.98623145554391745	1	1	0	0	0	-0	-0	-0	0.33703631168508635	0.14758758584574025	1.4998500074997501	0.89490011255884827	0.050005000250008348
16	917017	28	true	0		4100	40	0.99759609512307357	1	1	0	0	0	-0	-0	-0	0.23644338021864572	0.088298407331882642	1.4998500074997501	0.75407325597379549	0.2250683632057261
17	568190	20	true	0		3400	32	0.9986324768744409	1	1	0	0	0	-0	-0	-0	0.22026521891033912	0.16969507868762784	1.5	0.77190290509446835	0.050000000000000031
18	994296	46	true	0		6000	58	0.99138714589834787	1	1	0	0	0	-0	-0	-0	0.2496205766399317	0.12366528184364291	1.4998500074997501	0.74472844927319104	0.9272250524613902
19	628116	8	true	0		2100	20	0.97458362016024769	1	1	0	0	0	-0	-0	-0	0.18429542436802418	0.13698555450897423	1.4998500074997501	0.92031900591022542	0.050005000250008348
20	153452	21	true	0		3500	33	0.99941919049294536	1	1	0	0	0	-0	-0	-0	0.11546832771228904	0.091771610937782994	0.60001473390075455	0.84976591422710224	0.43895403080308787
21	604886	21	true	0		3600	33	0.99718875180540356	1	1	0	0	0	-0	-0	-0	0.2200786830171603	0.12442752649030686	1.4998500074997501	0.67586659920500536	0.050005000250008348
22	451042	27	true	0		4300	39	0.98482607735309768	1	1	0	0	0	-0	-0	-0	0.2582042351559013	0.15270321440721796	1.4998500074997501	0.82792584565970784	1.0439690800488344
23	397869	20	true	0		3300	32	0.98186690192675585	1	1	0	0	0	-0	-0	-0	0.16088483410504748	0.1177427351448992	1.5	0.79506606742253405	0.15547423977736799
24	930673	45	true	0		6100	57	0.98832233191151231	1	1	0	0	0	-0	-0	-0	0.22880730271202351	0.14383365587152797	1.4998500074997501	0.64407195043278775	0.60003644945009804
25	108078	6	true	0		1900	18	0.98122418591326699	1	1	0	0	0	-0	-0	-0	0.27386128289854905	0.27386127663770565	0.27386128043641589	0.77459666067050414	0.050005000250008348
26	486922	54	true	1	728888231	8000	35	0.99444437715394585	1	1	0	0	0	-0	-0	-0	0.30042235903914177	0.16889679640577768	1.4998500074997501	1.0247963839391694	0.69214241455901182
27	570527	37	true	0		5100	49	0.99409707571820694	1	1	0	0	0	-0	-0	-0	0.26689638789682862	0.17887793292043683	1.4998500074997501	0.92328921747588621	0.52783634875709229
28	798859	35	true	0		5000	47	0.99442385357187546	1	1	0	0	0	-0	-0	-0	0.29610390506468354	0.13579223334622831	1.4998500074997501	0.9353959059668383	0.81360015518333728
29	897261	31	true	0		4700	43	0.98255652561154228	1	1	0	0	0	-0	-0	-0	0.26501201917865153	0.2010515288403745	1.4998500074997501	1.0556457579234031	0.84915548137963248
30	711342	26	true	0		3900	38	0.99159195566035363	1	1	0	0	0	-0	-0	-0	0.15193383301711727	0.15316473154519944	1.4998500074997501	0.83624078251052647	0.65315644254045024
31	213144	21	true	0		3400	33	0.98396136548375768	1	1	0	0	0	-0	-0	-0	0.27072018053144198	0.16312741053275995	1.4998500074997501	0.85284989373987385	0.62028836341298432
32	367969	28	true	0		4100	40	0.97835277945320209	1	1	0	0	0	-0	-0	-0	0.19208534397445007	0.091374345679287122	1.4998500074997501	0.72018873477646661	0.35691615580834035
33	845006	89	true	1	1159689198	11600	75	0.97964373915564773	1	1	0	0	0	-0	-0	-0	0.18629327996880607	0.19794560784221399	1.4998500074997501	0.73313251239386779	0.78185169394597975
34	251894	41	true	1	1496083822	6600	25	0.97225955887757132	1	1	0	0	0	-0	-0	-0	0.29490345147413777	0.13200904992445223	1.4998500074997501	0.90523919348207493	1.1177563157455952
35	808899	3	true	0		1600	15	0.98360948569430151	1	1	0	0	0	-0	-0	-0	0.1556854166906193	0.080639254314213635	0.83050376185675012	0.9627003835297625	0.050005000250008348
36	660852	27	true	0		4000	39	0.99305576042484145	1	1	0	0	0	-0	-0	-0	0.23297918371441273	0.11455537710846565	1.4998500074997501	0.78944000142370463	1.2753123358684766
37	227742	6	true	0		1900	18	0.99281549132384062	1	1	0	0	0	-0	-0	-0	0.050005000250008348	0.050005000250008348	0.050005000250008348	0.95830572667481018	0.050005000250008348
38	758307	8	true	0		2300	20	0.98702215023473749	1	1	0	0	0	-0	-0	-0	0.20005619805602826	0.26561029863393165	0.36276089463022287	0.9959037404854727	0.050005000250008348
39	888534	19	true	0		3300	31	0.9973101662906656	1	1	0	0	0	-0	-0	-0	0.2058999645361731	0.15740351348585332	1.4998500074997501	0.90416925130251646	0.47856383983454592
40	445649	13	true	0		2600	25	0.99632874940113936	1	1	0	0	0	-0	-0	-0	0.1256977417654126	0.11566079693032932	1.4998500074997501	0.74715837939633789	0.050005000250008348
