=== TRACE BENCHMARK RESULTS ===
N_shots = 250
n_init = 12
n_iter = 160
num_sims = 40
workers = 4
threshold = 0.996
require_surrogate_confidence = true
stopping_rule = surrogate_then_noisy
score_mode = odd_penalty
confidence_z = 1.0
restart_on_stagnation = true
restart_failure_window = 8
restart_min_active_iter = 16
restart_min_delta = 0.01
restart_disable_lcb = 0.8
restart_max_restarts = 5
restart_seed_policy = reset_local_bo_rng_and_worker_global_rng
kappa = 1.9
path_guard = false
path_guard_init_design = latin_hypercube
path_guard_init_center_exclusion = 0.0
path_guard_init_sobol_skip_max = 2048
decision_q_max = 1.0
path_guard_trust_start_q = 0.7
path_guard_strong_trust_q = 0.9
path_guard_global_scout_period = 7
path_guard_global_scout_frac = 0.15
center_jitter_u_max = 0.0
bound_scale = 0.5
fixed_init_seed = 0
M_acq = 5000
M_rec = 20000
elapsed_seconds = 2218.1177439689636

=== RESULTS SUMMARY ===
Early stops = 40 / 40
Average Q_det = 0.9981553416114524 +/- 0.002608470557650674
Median Q_det = 0.9991578778930641
Min Q_det = 0.9871795366686477
Max Q_det = 0.9999330114866452
Average log10(1-Q_det) = -3.055176826472516 +/- 0.5511338868360366
Average iterations = 56.125 +/- 18.50320485060871
Average total shots = 17368.75
Total restarts = 3
Average restarts = 0.075 +/- 0.26674678283691855

=== All Results ===
Sim	Seed	InitialSeed	Iterations	StoppedEarly	Restarts	RestartSeeds	TotalShots	NTrain	Q_det	Q_rec	Q_last	center_jitter_u1	center_jitter_u2	center_jitter_u3	true_opt_u1	true_opt_u2	true_opt_u3	ell1	ell2	ell3	sigma_f	c
1	53119	53119	40	true	0		13250	53	0.99946424609761997	1	0.98399999999999999	0	0	0	-0	-0	-0	0.29830032278509433	0.20088815797731344	1.5	0.95043671144378961	0.54627109618715231
2	150146	150146	61	true	0		18500	74	0.9978152511994941	1	0.96799999999999997	0	0	0	-0	-0	-0	0.31308296386012707	0.20212378742479514	1.4998500074997501	1.0762348945148974	0.70874614625498433
3	17248	17248	40	true	0		13250	53	0.9996738573171412	1	0.95999999999999996	0	0	0	-0	-0	-0	0.38060878000674431	0.20370018347707125	1.5	1.0602424241265131	0.76098239685621993
4	175324	175324	35	true	0		12000	48	0.99950756431770937	1	0.99199999999999999	0	0	0	-0	-0	-0	0.34958736495663156	0.23625964958840875	1.4998500074997501	0.98357028560936921	1.0532274507163404
5	277689	277689	59	true	0		18250	73	0.99937281882473594	1	0.98399999999999999	0	0	0	-0	-0	-0	0.33822678703445785	0.20281495958062354	1.4998500074997501	0.94820153315484779	0.98672177463755495
6	850678	850678	52	true	0		16250	65	0.99981300289885544	1	0.98399999999999999	0	0	0	-0	-0	-0	0.31067516405322121	0.19822063079800228	1.4998500074997501	0.96455663199913699	0.050005000250008348
7	848061	848061	43	true	0		14500	58	0.99806073994155564	1	0.97599999999999998	0	0	0	-0	-0	-0	0.32541679852172217	0.21568642426755194	1.4998500074997501	0.77518233138132409	1.2674309493052645
8	608768	608768	30	true	0		10750	43	0.99913718083173875	1	0.99199999999999999	0	0	0	-0	-0	-0	0.34808470746797765	0.18974130403041445	1.5	0.85551277537594617	1.1867580458691953
9	114546	114546	59	true	0		18250	73	0.9991971815453462	1	0.97599999999999998	0	0	0	-0	-0	-0	0.35375511247339592	0.25608146193178377	1.4998500074997501	1.0882232248813566	1.2088928838545743
10	260179	260179	45	true	0		14500	58	0.99694357133088896	1	0.99199999999999999	0	0	0	-0	-0	-0	0.30531059695078078	0.16763666515723991	1.4998500074997501	0.88960097204413768	0.6619987208403002
11	555686	555686	56	true	0		17250	69	0.99982146631699109	1	0.97599999999999998	0	0	0	-0	-0	-0	0.27669538451544762	0.22082502243353083	1.4998500074997501	0.93608109043754706	1.3236056336765096
12	826531	826531	61	true	0		19000	76	0.99993301148664515	1	0.96799999999999997	0	0	0	-0	-0	-0	0.43513740606161738	0.20020944830192636	1.4998500074997501	0.9652054413504898	0.47936657770797697
13	487835	487835	47	true	0		15000	60	0.99969882137544774	1	0.98399999999999999	0	0	0	-0	-0	-0	0.35316488350555614	0.16205174767579009	1.4998500074997501	0.76914739497350082	0.89830824262530307
14	618633	618633	47	true	0		15000	60	0.99017497449615643	1	0.95999999999999996	0	0	0	-0	-0	-0	0.32600810508262001	0.168261509995416	1.4998500074997501	0.97778531256521461	0.050005000250008348
15	799688	799688	38	true	0		12750	51	0.99846197049546859	1	0.98399999999999999	0	0	0	-0	-0	-0	0.34957920288123079	0.22409294892418741	1.4998500074997501	0.99222713133012397	0.59155987206255078
16	917017	917017	76	true	1	746817243	22250	53	0.99844417500915583	1	0.98399999999999999	0	0	0	-0	-0	-0	0.31895537349470754	0.19972732830321571	1.4998500074997501	0.82439837774102442	0.30895528460406935
17	568190	568190	72	true	0		21250	85	0.99891768580658191	1	1	0	0	0	-0	-0	-0	0.2713469856796642	0.20806814567433735	1.4998500074997501	0.83259909686567657	0.64642496827547746
18	994296	994296	32	true	0		11250	45	0.99458017296162637	1	0.95199999999999996	0	0	0	-0	-0	-0	0.31781721642382016	0.18288554125482315	1.4998500074997501	0.71284077170300075	0.050005000250008348
19	628116	628116	93	true	0		26500	106	0.99962732517849795	1	0.99199999999999999	0	0	0	-0	-0	-0	0.38496562800335127	0.20683455842342088	1.4998500074997501	1.1540040423164646	0.8118455415968775
20	153452	153452	35	true	0		12000	48	0.99943100882272107	1	1	0	0	0	-0	-0	-0	0.37885449262440474	0.15219494505907891	1.4998500074997501	0.92373543115849444	0.89544271106649165
21	604886	604886	56	true	0		17250	69	0.9990379606957116	1	0.96799999999999997	0	0	0	-0	-0	-0	0.32958258036168708	0.18315840549211607	1.4998500074997501	1.0131782522209267	0.81439667873209776
22	451042	451042	37	true	0		12500	50	0.9999102553314746	1	1	0	0	0	-0	-0	-0	0.32958675411621369	0.18475720501697504	1.4998500074997501	0.85760615071952184	0.55229544767230376
23	397869	397869	76	true	0		22500	90	0.99576094007315918	1	0.99199999999999999	0	0	0	-0	-0	-0	0.35225532864092401	0.2044608631184443	1.4998500074997501	1.1141052686077826	0.76777780043372934
24	930673	930673	92	true	1	1612792347	26250	64	0.99917857495438933	1	0.98399999999999999	0	0	0	-0	-0	-0	0.23074045324329059	0.16661476114508786	1.5	0.64691268349294051	0.62386828163535057
25	108078	108078	72	true	0		21250	85	0.99961062728315375	1	0.97599999999999998	0	0	0	-0	-0	-0	0.37478635542363442	0.21966413153044889	1.4998500074997501	1.0158388730699162	0.83768642897651524
26	486922	486922	84	true	0		24250	97	0.99561929816714889	1	1	0	0	0	-0	-0	-0	0.29773948604259953	0.20789235230529299	1.4998500074997501	0.82532963819389427	0.87778080416095172
27	570527	570527	55	true	0		17000	68	0.99970909682166054	1	0.99199999999999999	0	0	0	-0	-0	-0	0.25275345638002328	0.20479421972662734	1.4998500074997501	0.76615345652226585	0.98919322515476238
28	798859	798859	91	true	0		26500	106	0.9995147019744326	1	0.98399999999999999	0	0	0	-0	-0	-0	0.36480811305683164	0.18813104635528133	1.4998500074997501	1.1501581834510719	0.85663678918907327
29	897261	897261	19	true	0		8000	32	0.99796236720174991	1	1	0	0	0	-0	-0	-0	0.27852486948002164	0.21315609591293541	1.4998500074997501	0.82279398211003019	0.050005000250008348
30	711342	711342	51	true	0		16000	64	0.99792230213951905	1	0.99199999999999999	0	0	0	-0	-0	-0	0.30123445413819794	0.18589956814716738	1.4998500074997501	0.75896875485491366	0.3727600202609383
31	213144	213144	53	true	0		16750	67	0.99953429009516992	1	1	0	0	0	-0	-0	-0	0.33103161961206351	0.16421637822505875	1.4998500074997501	0.91744468875108243	0.6704271459007286
32	367969	367969	75	true	0		22000	88	0.9999137660705969	1	0.98399999999999999	0	0	0	-0	-0	-0	0.36707833141538954	0.25094758187429822	1.4998500074997501	1.0975662167018798	0.81423655261233663
33	845006	845006	71	true	0		21000	84	0.99600358249930687	1	1	0	0	0	-0	-0	-0	0.3658746154521138	0.16158520383663189	1.4998500074997501	0.96317974838597387	0.92729580516024157
34	251894	251894	72	true	1	1496083822	21500	46	0.99777466031798268	1	0.99199999999999999	0	0	0	-0	-0	-0	0.3099167509658512	0.19595785998992821	1.5	0.98248504143116477	0.56462762131108157
35	808899	808899	28	true	0		10250	41	0.99981840485112949	1	0.98399999999999999	0	0	0	-0	-0	-0	0.3500781307158502	0.20431673612824941	1.4998500074997501	0.92826093353023742	0.29695639752827047
36	660852	660852	48	true	0		15500	62	0.98717953666864766	1	0.99199999999999999	0	0	0	-0	-0	-0	0.31537501849345767	0.21209345687485795	1.4998500074997501	0.90279724611563372	0.36965372683956088
37	227742	227742	64	true	0		19750	79	0.99886589270788384	1	0.96799999999999997	0	0	0	-0	-0	-0	0.37738056848485296	0.26420175002840424	1.4998500074997501	1.2862344189856469	1.0107606336538451
38	758307	758307	53	true	0		16500	66	0.99641176655172603	1	1	0	0	0	-0	-0	-0	0.32399602837003938	0.18635826196259186	1.4998500074997501	1.0947373867433396	0.58310166255851859
39	888534	888534	74	true	0		21750	87	0.99927243736628724	1	1	0	0	0	-0	-0	-0	0.29401584584909451	0.21561555740472804	1.4998500074997501	1.015813822020708	0.62533120219473937
40	445649	445649	53	true	0		16500	66	0.99913717643260036	1	1	0	0	0	-0	-0	-0	0.3137765119125378	0.24532237340577892	1.4998500074997501	1.0063786826314722	0.81337002023672889
