=== TRACE BENCHMARK RESULTS ===
N_shots = 50
n_init = 12
n_iter = 160
num_sims = 40
workers = 5
threshold = 0.98
require_surrogate_confidence = true
stopping_rule = surrogate_then_noisy
score_mode = odd_penalty
confidence_z = 1.0
restart_on_stagnation = true
restart_failure_window = 8
restart_min_active_iter = 16
restart_min_delta = 0.01
restart_disable_lcb = 0.8
restart_max_restarts = 5
restart_seed_policy = reset_local_bo_rng_and_worker_global_rng
kappa = 1.9
path_guard = false
path_guard_init_design = latin_hypercube
path_guard_init_center_exclusion = 0.0
path_guard_init_sobol_skip_max = 2048
decision_q_max = 1.0
path_guard_trust_start_q = 0.7
path_guard_strong_trust_q = 0.9
path_guard_global_scout_period = 7
path_guard_global_scout_frac = 0.15
center_jitter_u_max = 0.0
bound_scale = 0.5
freq_span_mode = raw_khz
freq_span_raw_kHz = 10.0
freq_span_2pi_kHz = 1.5915494309189535
fixed_init_seed = 0
M_acq = 5000
M_rec = 20000
elapsed_seconds = 866.2104008197784

=== RESULTS SUMMARY ===
Early stops = 40 / 40
Average Q_det = 0.9883150010176157 +/- 0.009698340884982249
Median Q_det = 0.9921602229842806
Min Q_det = 0.9650511961569663
Max Q_det = 0.9992196063260699
Average log10(1-Q_det) = -2.098153482663256 +/- 0.41065597940666165
Average iterations = 23.225 +/- 12.214928865101392
Average total shots = 1835.0
Total restarts = 0
Average restarts = 0.0 +/- 0.0

=== All Results ===
Sim	Seed	InitialSeed	Iterations	StoppedEarly	Restarts	RestartSeeds	TotalShots	NTrain	Q_det	Q_rec	Q_last	center_jitter_u1	center_jitter_u2	center_jitter_u3	true_opt_u1	true_opt_u2	true_opt_u3	ell1	ell2	ell3	sigma_f	c
1	714078	714078	20	true	0		1650	33	0.99464284981825446	1	0.95999999999999996	0	0	0	-0	-0	-0	0.24147414988145327	0.12712563545450686	1.5	0.83164042486503953	0.89047333668440942
2	849665	849665	11	true	0		1200	24	0.99544123547364283	1	1	0	0	0	-0	-0	-0	0.31314401097465289	0.23574661887497744	1.4998500074997501	0.86636183906641151	0.050005000250008348
3	670733	670733	19	true	0		1600	32	0.994717005062417	1	0.87999999999999989	0	0	0	-0	-0	-0	0.20220321776382258	0.12703195773146983	1.4998500074997501	0.82340070286567191	0.050005000250008348
4	400294	400294	10	true	0		1150	23	0.98536196004092136	1	0.87999999999999989	0	0	0	-0	-0	-0	0.31969449694018054	0.1336004500387637	1.5	0.84576061206762254	0.050000000000000031
5	909858	909858	56	true	0		3500	70	0.98771824529120789	1	0.95999999999999996	0	0	0	-0	-0	-0	0.35938417098256964	0.17740238437548764	1.4998500074997501	0.85910877567215982	0.900759466522561
6	473966	473966	24	true	0		1850	37	0.96505119615696633	1	0.6399999999999999	0	0	0	-0	-0	-0	0.39013000833474315	0.11157114356882882	1.4377947067901131	1.0173195178782881	0.050005000250008348
7	981559	981559	25	true	0		2100	42	0.99119715483125037	1	0.91999999999999993	0	0	0	-0	-0	-0	0.24723196544361284	0.13914574184123593	1.4998500074997501	0.70564075982730434	0.67911851708261461
8	318670	318670	33	true	0		2300	46	0.9981900516784169	1	1	0	0	0	-0	-0	-0	0.40078289470756501	0.17261759043109456	1.4998500074997501	0.977505267203157	1.1846451104404563
9	225142	225142	30	true	0		2150	43	0.98054593389784594	1	1	0	0	0	-0	-0	-0	0.26366038199543695	0.18190599953960526	1.5	0.89185058142480145	0.72657765010297848
10	359405	359405	17	true	0		1500	30	0.99610417187200329	1	0	0	0	0	-0	-0	-0	0.34246426503107619	0.11091178557263612	1.4998500074997501	0.83645783362100223	0.050005000250008348
11	250215	250215	22	true	0		1750	35	0.99632746219524848	1	1	0	0	0	-0	-0	-0	0.27031869271366837	0.22395675824014274	1.4998500074997501	0.82892518832910378	0.58839636848120636
12	558664	558664	35	true	0		2400	48	0.99293499190481926	1	1	0	0	0	-0	-0	-0	0.36655147718030817	0.24871841004501136	1.4998500074997501	0.89218265243921824	0.981214609387975
13	438880	438880	21	true	0		1700	34	0.97935011398100213	1	0	0	0	0	-0	-0	-0	0.43402334698929212	0.19060468145090376	1.4998500074997501	0.99503115887431648	0.36346627684469868
14	5937	5937	20	true	0		1650	33	0.99507647203269944	1	0.91999999999999993	0	0	0	-0	-0	-0	0.299995826836986	0.22132617032025956	1.5	0.86203342812993833	0.80328946915555721
15	615903	615903	13	true	0		1300	26	0.99097781454320566	1	0.91999999999999993	0	0	0	-0	-0	-0	0.32395596797490978	0.11138129312901332	1.4998500074997501	0.83412755605205124	0.66007910157269689
16	150574	150574	37	true	0		2500	50	0.9790517873060901	1	0	0	0	0	-0	-0	-0	0.295429705295992	0.17117237293908283	1.4998500074997501	0.91132624860879807	0.68063519078339685
17	963284	963284	21	true	0		1700	34	0.98327518360693267	1	1	0	0	0	-0	-0	-0	0.31901091110842122	0.18728398977340371	1.4998500074997501	0.85768285612346085	0.54121588127663445
18	473867	473867	35	true	0		2400	48	0.98385922090060018	1	0.95999999999999996	0	0	0	-0	-0	-0	0.37237922032639997	0.24839273888124253	1.4998500074997501	0.92644048056060646	0.86137925769579327
19	150918	150918	20	true	0		1650	33	0.98992538903534177	1	0.95999999999999996	0	0	0	-0	-0	-0	0.26238681375100353	0.19806609969896283	1.5	0.94239581097143321	0.73791044763421687
20	955377	955377	14	true	0		1350	27	0.99292458279971829	1	0.67999999999999994	0	0	0	-0	-0	-0	0.14415444442795092	0.22235827725211044	1.4998500074997501	0.81859862985698617	0.050005000250008348
21	902578	902578	8	true	0		1050	21	0.98128783732032687	1	0.72000000000000008	0	0	0	-0	-0	-0	1.4998500074997501	0.18522250944794408	0.32983861996700797	0.87992158851989033	0.050005000250008348
22	61646	61646	15	true	0		1400	28	0.99811689634891843	1	0.95999999999999996	0	0	0	-0	-0	-0	0.21053718522766723	0.23414925117198879	0.13970394466111133	0.81233311869809011	0.050005000250008348
23	197255	197255	30	true	0		2150	43	0.99257444299548758	1	1	0	0	0	-0	-0	-0	0.22751681312868444	0.13831848926667656	1.5	0.72634082128700816	0.21605911277256462
24	462583	462583	38	true	0		2550	51	0.97949500373108234	1	0	0	0	0	-0	-0	-0	0.27197844274745342	0.20809043648909753	1.4998500074997501	0.88586510048923928	0.80461559925634896
25	184672	184672	12	true	0		1250	25	0.99737711759105685	1	0.91999999999999993	0	0	0	-0	-0	-0	0.19317362332892857	0.18563464068864541	1.4998500074997501	0.72999198987570668	0.050005000250008348
26	831702	831702	32	true	0		2250	45	0.99921960632606988	1	0.95999999999999996	0	0	0	-0	-0	-0	0.27947393483761002	0.16911795026321433	1.4998500074997501	0.88110848325258051	0.73634364052550627
27	720308	720308	18	true	0		1600	32	0.96838604856434218	1	0.95999999999999996	0	0	0	-0	-0	-0	0.17683917849806832	0.23161983045606632	0.48294461126676386	0.82579851313937547	0.050005000250008348
28	16729	16729	30	true	0		2150	43	0.99795814464833354	1	0.95999999999999996	0	0	0	-0	-0	-0	0.27856768914519781	0.20592394290650815	1.5	0.83016742072340666	0.96708343629679605
29	387749	387749	37	true	0		2550	51	0.99192799391897801	1	1	0	0	0	-0	-0	-0	0.36624174397185683	0.16435120975715001	1.4998500074997501	0.83648082953386627	0.54790276512833225
30	215846	215846	24	true	0		1950	39	0.99589395773619527	1	0.95999999999999996	0	0	0	-0	-0	-0	0.32239789944815828	0.19718380492280518	1.4998500074997501	0.88023719655155941	0.79523762742136417
31	312561	312561	63	true	0		3850	77	0.99734335748297398	1	1	0	0	0	-0	-0	-0	0.38481282226124469	0.25382745795117101	1.4998500074997501	1.1344811145493883	1.2416377913224192
32	749598	749598	23	true	0		1800	36	0.99709284315014368	1	1	0	0	0	-0	-0	-0	0.25069374673404093	0.080085681285794491	1.4998500074997501	0.80410614508414413	0.83406845700582655
33	631837	631837	10	true	0		1150	23	0.99586855835844301	1	1	0	0	0	-0	-0	-0	0.3404840276558217	0.2194262568324882	1.5	0.84841395015628074	0.050000000000000162
34	746550	746550	11	true	0		1200	24	0.97677356924503822	1	0.95999999999999996	0	0	0	-0	-0	-0	0.17870546370849824	0.051173340639590614	1.4998500074997501	0.75808178171932139	0.050005000250008348
35	709734	709734	14	true	0		1400	28	0.98511943096033183	1	0.95999999999999996	0	0	0	-0	-0	-0	0.27719264269973998	0.22908262916872615	1.4998500074997501	0.8197803289746346	0.29637983202944185
36	181983	181983	14	true	0		1400	28	0.96793840139372478	1	0.80000000000000004	0	0	0	-0	-0	-0	1.4998500074997501	0.072734669639439892	0.18290912010304644	0.82827429563426325	0.050005000250008348
37	279125	279125	18	true	0		1800	36	0.96631035993774661	1	1	0	0	0	-0	-0	-0	0.30473890266705234	0.16099190266743743	1.4998500074997501	0.84827296935530505	0.050005000250008348
38	965652	965652	9	true	0		1150	23	0.98217727786072717	1	0	0	0	0	-0	-0	-0	0.10476609763001882	1.4998500074997501	0.14190401142752157	0.9732942939327851	0.050005000250008348
39	419030	419030	11	true	0		1200	24	0.99239245204958326	1	0.91999999999999993	0	0	0	-0	-0	-0	0.22400579459991804	0.11966655535207166	1.4998500074997501	0.80823169079862944	0.050005000250008348
40	888571	888571	29	true	0		2150	43	0.99667391865654287	1	0.91999999999999993	0	0	0	-0	-0	-0	0.28286047598228115	0.17437248539770767	1.4998500074997501	0.76498721330851049	0.85155241103366275
