=== TRACE BENCHMARK RESULTS ===
N_shots = 100
n_init = 12
n_iter = 160
num_sims = 40
workers = 2
threshold = 0.99
require_surrogate_confidence = false
stopping_rule = two_noisy
score_mode = odd_penalty
confidence_z = 1.0
restart_on_stagnation = true
restart_failure_window = 8
restart_min_active_iter = 16
restart_min_delta = 0.01
restart_disable_lcb = 0.8
restart_max_restarts = 5
restart_seed_policy = reset_local_bo_rng_and_worker_global_rng
kappa = 1.9
path_guard = false
path_guard_init_design = latin_hypercube
path_guard_init_center_exclusion = 0.0
path_guard_init_sobol_skip_max = 2048
decision_q_max = 1.0
path_guard_trust_start_q = 0.7
path_guard_strong_trust_q = 0.9
path_guard_global_scout_period = 7
path_guard_global_scout_frac = 0.15
center_jitter_u_max = 0.0
bound_scale = 0.75
M_acq = 5000
M_rec = 20000
elapsed_seconds = 3864.4382240772247

=== RESULTS SUMMARY ===
Early stops = 39 / 40
Average Q_det = 0.9713092596297361 +/- 0.10494073919149668
Median Q_det = 0.9905605286794587
Min Q_det = 0.3272157622300027
Max Q_det = 0.9992988071979856
Average log10(1-Q_det) = -2.049645952015453 +/- 0.537810616186741
Average iterations = 52.075 +/- 32.121873288924846
Average total shots = 7470.0
Total restarts = 29
Average restarts = 0.725 +/- 1.0124228365658292

=== All Results ===
Sim	Seed	Iterations	StoppedEarly	Restarts	RestartSeeds	TotalShots	NTrain	Q_det	Q_rec	Q_last	center_jitter_u1	center_jitter_u2	center_jitter_u3	true_opt_u1	true_opt_u2	true_opt_u3	ell1	ell2	ell3	sigma_f	c
1	53119	85	true	2	59223077;71978764	12200	41	0.98075678336989158	1	1	0	0	0	-0	-0	-0	0.1571738111276709	0.095930713423634503	1.4998500074997501	0.92118931042764718	0.63249183333530279
2	150146	36	true	0		5200	48	0.99375295096106486	1	1	0	0	0	-0	-0	-0	0.15713918175929861	0.12444775447227339	1.4998500074997501	0.71149979661634688	0.59477345981755536
3	17248	36	true	0		5200	48	0.99071668551675884	1	1	0	0	0	-0	-0	-0	0.21407870193399964	0.16277837243504187	1.4998500074997501	0.97355911422369468	0.24721187774519454
4	175324	43	true	1	271643205	6800	29	0.98271231751721277	1	1	0	0	0	-0	-0	-0	0.19011572500308879	0.10139827304507755	1.4998500074997501	0.77720400041139492	0.69129692362674788
5	277689	102	true	2	262765147;159499650	14100	53	0.99509079743637752	1	1	0	0	0	-0	-0	-0	0.32932714893398057	0.19602427961736629	1.4998500074997501	0.93985223176346544	0.7841490477714671
6	850678	105	true	2	661986822;88982710	14300	59	0.99908797443524533	1	1	0	0	0	-0	-0	-0	0.30077422743360088	0.16424085026948548	1.4998500074997501	0.98189419330901606	0.90164267707884083
7	848061	43	true	1	1846555189	6800	31	0.98819082680424575	1	1	0	0	0	-0	-0	-0	0.17380490564074844	0.19756689629955207	1.4998500074997501	0.77175818194505463	0.73926776576862663
8	608768	62	true	1	512637543	8700	47	0.97607264932851912	1	1	0	0	0	-0	-0	-0	0.26017232339992657	0.15450115195096753	1.4998500074997501	0.9150152788696273	0.84117325205470295
9	114546	34	true	0		4800	46	0.98146224718198238	1	1	0	0	0	-0	-0	-0	0.26906679899382691	0.23121724767672827	1.4998500074997501	1.0516265768822346	0.98633477822958238
10	260179	27	true	0		4000	39	0.99568643501917609	1	1	0	0	0	-0	-0	-0	0.088503095938343074	0.077050534150277877	1.4998500074997501	0.72564819155608185	0.050005000250008348
11	555686	65	true	2	1348566820;2004705940	10200	29	0.99465877597604457	1	1	0	0	0	-0	-0	-0	0.12390614351150003	0.050005000250008348	1.4998500074997501	0.8573649487829752	0.050005000250008348
12	826531	32	true	0		4500	44	0.99929880719798558	1	1	0	0	0	-0	-0	-0	0.25977259741595793	0.19295265467913636	1.4998500074997501	0.73387831050842556	0.80043430298545803
13	487835	41	true	0		5600	53	0.97778304928360671	1	1	0	0	0	-0	-0	-0	0.30723894368852406	0.13057442737785652	1.4998500074997501	0.86348774788481586	0.79443562193016271
14	618633	38	true	0		5100	50	0.98771769543397303	1	1	0	0	0	-0	-0	-0	0.12635683923694513	0.090178625823955555	1.4998500074997501	0.79028505137279792	0.47813231419523849
15	799688	36	true	0		5000	48	0.98280102476989362	1	1	0	0	0	-0	-0	-0	0.24514459946716008	0.18679931561778726	1.4998500074997501	0.85381635542526013	0.69479509245579629
16	917017	60	true	1	1983691410	8500	40	0.96939272154473033	1	1	0	0	0	-0	-0	-0	0.35577256672620361	0.15281248556689431	1.5	0.92670164457177551	0.89195835595774664
17	568190	64	true	1	525173753	8900	49	0.98514449345865007	1	1	0	0	0	-0	-0	-0	0.24267963157796746	0.20430043174696613	1.4998500074997501	0.86177687849925921	0.77042189543073214
18	994296	87	true	1	1461500269	11200	54	0.99819186467825105	1	1	0	0	0	-0	-0	-0	0.27948229457565843	0.18140665477086573	1.4998500074997501	0.88466757377765881	1.0930697530635114
19	628116	38	true	0		5100	50	0.96373054969445826	1	1	0	0	0	-0	-0	-0	0.21137745163435331	0.13010979186853316	1.4998500074997501	0.82185512857089815	1.0175500776277797
20	153452	21	true	0		3400	33	0.99885519983771198	1	1	0	0	0	-0	-0	-0	0.19922818513423673	0.082970600771373068	0.95019108754418657	0.96434171615665787	0.82688220032000725
21	604886	10	true	0		2400	22	0.98603536852174534	1	1	0	0	0	-0	-0	-0	0.2866227653723874	0.11741790734645254	1.5	0.72042565014089333	0.050000000000000051
22	451042	27	true	0		4200	39	0.98405088537034024	1	1	0	0	0	-0	-0	-0	0.19906003234139227	0.14979963114637021	1.4998500074997501	0.79520341454830112	0.4904932837801147
23	397869	20	true	0		3300	32	0.99040437184215846	1	1	0	0	0	-0	-0	-0	0.22226807977574414	0.18062305192887751	1.5	0.92028210819728506	0.49112323986394568
24	930673	26	true	0		4000	38	0.99817256843807356	1	1	0	0	0	-0	-0	-0	0.26608587419767171	0.096632763636386801	1.4998500074997501	0.80061313981083415	0.66860090712053533
25	108078	45	true	1	1388510473	7100	31	0.99729665693424208	1	1	0	0	0	-0	-0	-0	0.20196876379713213	0.13738231645855289	1.4998500074997501	0.88463225325445616	1.3094885332149886
26	486922	74	true	1	1120841367	10000	59	0.99412313277609443	1	1	0	0	0	-0	-0	-0	0.28076604672716998	0.18821850369514534	1.4998500074997501	0.88235273161837557	0.95547761220447924
27	570527	10	true	0		2300	22	0.98269405328634762	1	1	0	0	0	-0	-0	-0	0.16300198101252411	0.17939319907029008	1.5	1.0203870747384269	0.050000000000000031
28	798859	107	true	2	1344022772;1552284523	14400	51	0.99461076960051997	1	1	0	0	0	-0	-0	-0	0.275157979476577	0.18459807888193022	1.4998500074997501	0.8685885638139178	0.97936737876855517
29	897261	37	true	0		5300	49	0.99546967052268032	1	1	0	0	0	-0	-0	-0	0.2707313809459686	0.15080905765403893	1.4998500074997501	0.74802020589246832	0.70719549177686236
30	711342	55	true	1	676691784	8100	38	0.96404303098534394	1	1	0	0	0	-0	-0	-0	0.21729931317871931	0.18973766099286818	1.4763648638668281	0.7457092690752134	0.96741588395103539
31	213144	78	true	0		9300	90	0.99157983093719382	1	1	0	0	0	-0	-0	-0	0.33490681380221732	0.1945873929514215	1.4998500074997501	0.9702423594702666	0.76718626281380076
32	367969	42	true	1	2085179950	6700	30	0.98331844344284425	1	1	0	0	0	-0	-0	-0	0.117747004922683	0.078125980650176285	1.4998500074997501	0.84523018079402601	0.050005000250008348
33	845006	51	true	1	446330260	7700	28	0.99526369948826132	1	1	0	0	0	-0	-0	-0	0.24751837165601842	0.13405809702686555	1.4998500074997501	0.84482855076993901	0.050005000250008348
34	251894	160	false	5	1701824169;2004200491;1395084439;805061519;1936705279	23300	27	0.3272157622300027	0.23999999999999999	0.27999999999999997	0	0	0	-0	-0	-0	0.087134338177478898	0.065096068605323076	0.052905504604212547	0.73692937674779191	0.050000000000000031
35	808899	2	true	0		1500	14	0.99305530882910875	1	1	0	0	0	-0	-0	-0	0.15308558051605642	0.15898242976329563	0.22088348315688239	0.95749183662059112	0.050005000250008348
36	660852	18	true	0		3100	30	0.99685689558225754	1	1	0	0	0	-0	-0	-0	0.31055206109627642	0.083535805813300557	1.4998500074997501	0.86222567862958421	0.88738467975052049
37	227742	32	true	0		4600	44	0.99554499035208599	1	1	0	0	0	-0	-0	-0	0.26909788538936086	0.13816889174262859	1.4998500074997501	0.85059714883583537	0.94174426433054903
38	758307	83	true	1	1637390105	11100	54	0.99667339169892433	1	1	0	0	0	-0	-0	-0	0.19584046058572324	0.14248224419723465	1.4998500074997501	0.5982227851868005	0.6405133421845266
39	888534	85	true	2	1392942566;860827029	12200	30	0.98309600134524777	1	1	0	0	0	-0	-0	-0	0.15570743642926083	0.13359960289455741	1.4998500074997501	0.87614520794072237	0.75246993320375399
40	445649	66	true	0		8600	78	0.96176170356020274	1	1	0	0	0	-0	-0	-0	0.3691751537490619	0.22813124088724163	1.4998500074997501	0.99826385264641238	1.0635368691185234
