=== TRACE BENCHMARK RESULTS ===
N_shots = Inf
n_init = 12
n_iter = 160
num_sims = 40
workers = 5
threshold = 0.99
disable_stopping = true
require_surrogate_confidence = true
stopping_rule = surrogate_then_noisy
score_mode = odd_penalty
confidence_z = 1.0
restart_on_stagnation = true
restart_failure_window = 8
restart_min_active_iter = 16
restart_min_delta = 0.01
restart_disable_lcb = 0.85
restart_max_restarts = 5
restart_seed_policy = reset_local_bo_rng_and_worker_global_rng
kappa = 1.9
path_guard = false
path_guard_init_design = latin_hypercube
path_guard_init_center_exclusion = 0.0
path_guard_init_sobol_skip_max = 2048
decision_q_max = 1.0
path_guard_trust_start_q = 0.7
path_guard_strong_trust_q = 0.9
path_guard_global_scout_period = 7
path_guard_global_scout_frac = 0.15
center_jitter_u_max = 0.0
bound_scale = 0.1
freq_span_mode = raw_khz
freq_span_raw_kHz = 10.0
freq_span_2pi_kHz = 1.5915494309189535
fixed_init_seed = 0
M_acq = 5000
M_rec = 20000
elapsed_seconds = 8252.226828098297

=== RESULTS SUMMARY ===
Early stops = 0 / 40
Average Q_det = 0.9999996610467304 +/- 1.4105468628430265e-9
Median Q_det = 0.9999996615417492
Min Q_det = 0.9999996563065698
Max Q_det = 0.9999996621613064
Average log10(1-Q_det) = -6.0 +/- 0.0
Average iterations = 160.0 +/- 0.0
Average total shots = Inf
Total restarts = 0
Average restarts = 0.0 +/- 0.0

=== All Results ===
Sim	Seed	InitialSeed	Iterations	StoppedEarly	Restarts	RestartSeeds	TotalShots	NTrain	Q_det	Q_rec	Q_last	center_jitter_u1	center_jitter_u2	center_jitter_u3	true_opt_u1	true_opt_u2	true_opt_u3	ell1	ell2	ell3	sigma_f	c
1	714078	714078	160	false	0		Inf	172	0.99999965876994645	0.99999965876994645	0.99989180931666066	0	0	0	-0	-0	-0	0.36616883547429574	0.19124636489600594	1.5	1.7190566801041272	0.34308131289167998
2	849665	849665	160	false	0		Inf	172	0.99999966169598842	0.99999966169598842	0.99983181845665703	0	0	0	-0	-0	-0	0.36789257955191029	0.18271137751897351	1.5	1.6485620172943589	1.0351021276472652
3	670733	670733	160	false	0		Inf	172	0.99999966202200608	0.99999966202200608	0.99950002992906095	0	0	0	-0	-0	-0	0.38986036222726395	0.16882663834892989	1.5	1.7585917176202381	0.33042247449662349
4	400294	400294	160	false	0		Inf	172	0.99999965815044223	0.99999965815044223	0.9998593264851755	0	0	0	-0	-0	-0	0.34724042571902464	0.17145408504590867	1.5	1.6243218537072659	0.19943572964802356
5	909858	909858	160	false	0		Inf	172	0.9999996621093753	0.9999996621093753	0.99952637362700691	0	0	0	-0	-0	-0	0.39017340826975472	0.20165847096668033	1.5	1.8679883359883687	0.39596921144048108
6	473966	473966	160	false	0		Inf	172	0.99999966088047243	0.99999966088047243	0.99938838859224488	0	0	0	-0	-0	-0	0.36993021411675436	0.18314034552892597	1.5	1.6295899002709158	0.38591186244115111
7	981559	981559	160	false	0		Inf	172	0.99999966041496935	0.99999966041496935	0.99967152899485634	0	0	0	-0	-0	-0	0.37633333524848528	0.18368302840248876	1.5	1.7243758432601362	0.38034260762146932
8	318670	318670	160	false	0		Inf	172	0.99999966207522151	0.99999966207522151	0.99975863752163907	0	0	0	-0	-0	-0	0.39297126988787928	0.18834042728670108	1.5	1.708357772392149	0.41428107579482559
9	225142	225142	160	false	0		Inf	172	0.99999966172611288	0.99999966172611288	0.99984581587380361	0	0	0	-0	-0	-0	0.35248661799490927	0.17674205980917068	1.5	1.5558083116705985	0.28885269803617103
10	359405	359405	160	false	0		Inf	172	0.9999996620496413	0.9999996620496413	0.99956334694943383	0	0	0	-0	-0	-0	0.37566305024478991	0.20729279321192989	1.5	1.8626691466208367	0.38730252177935837
11	250215	250215	160	false	0		Inf	172	0.99999966178167665	0.99999966178167665	0.99940639798460507	0	0	0	-0	-0	-0	0.3430668967661899	0.17352834444456436	1.5	1.6305837947736612	0.33676752854662761
12	558664	558664	160	false	0		Inf	172	0.99999966133335183	0.99999966133335183	0.99931617962785935	0	0	0	-0	-0	-0	0.38323721599716731	0.1885974826385575	1.5	1.7623654141349776	0.32569689996686213
13	438880	438880	160	false	0		Inf	172	0.999999662111271	0.999999662111271	0.99991518031483362	0	0	0	-0	-0	-0	0.35452391639242131	0.17402231189122808	1.5	1.5777802232483613	0.41417502005584556
14	5937	5937	160	false	0		Inf	172	0.99999966141446683	0.99999966141446683	0.99961216727815994	0	0	0	-0	-0	-0	0.35013845164503316	0.17550145895742694	1.5	1.5607353495264062	0.39157240403062765
15	615903	615903	160	false	0		Inf	172	0.9999996614054788	0.9999996614054788	0.99943181161323424	0	0	0	-0	-0	-0	0.33712989653236303	0.17637231711183038	1.5	1.4830092067820013	0.5569810546565549
16	150574	150574	160	false	0		Inf	172	0.99999966143262975	0.99999966143262975	0.99976528025029032	0	0	0	-0	-0	-0	0.38312654906026855	0.18790878025031665	1.5	1.8223036061498918	0.38564273470552518
17	963284	963284	160	false	0		Inf	172	0.99999966085524217	0.99999966085524217	0.99972186388801432	0	0	0	-0	-0	-0	0.34761699961300918	0.17223753753626714	1.5	1.5959953832339768	0.32207313967898066
18	473867	473867	160	false	0		Inf	172	0.99999966196577317	0.99999966196577317	0.99955918522559373	0	0	0	-0	-0	-0	0.36386992333906309	0.18028355709760419	1.5	1.5601528773391484	0.38694643277496915
19	150918	150918	160	false	0		Inf	172	0.99999966156292819	0.99999966156292819	0.9996925740963355	0	0	0	-0	-0	-0	0.3614265052141693	0.17030567990085888	1.5	1.6280787508959329	0.43861359443245135
20	955377	955377	160	false	0		Inf	172	0.99999966215437786	0.99999966215437786	0.99982941800152692	0	0	0	-0	-0	-0	0.36247409014073356	0.18239362444498186	1.5	1.6432653720971706	0.38979804729365503
21	902578	902578	160	false	0		Inf	172	0.99999966159320031	0.99999966159320031	0.99981678115014372	0	0	0	-0	-0	-0	0.37403712483951934	0.17546369869848177	1.5	1.5823012671650436	0.32639796931433401
22	61646	61646	160	false	0		Inf	172	0.99999966173847055	0.99999966173847055	0.99970115552942884	0	0	0	-0	-0	-0	0.37683356216783298	0.17708539301750056	1.5	1.7109367217753009	0.38236929112031187
23	197255	197255	160	false	0		Inf	172	0.99999966113873007	0.99999966113873007	0.99944758256977873	0	0	0	-0	-0	-0	0.34838972026096443	0.17674964258951217	1.5	1.5665137746984139	0.050979594597215891
24	462583	462583	160	false	0		Inf	172	0.99999966215893754	0.99999966215893754	0.99989171028081592	0	0	0	-0	-0	-0	0.35548806258612919	0.17671933113988841	1.5	1.7105499963924282	0.40836829621811194
25	184672	184672	160	false	0		Inf	172	0.99999966056978151	0.99999966056978151	0.99973861363861694	0	0	0	-0	-0	-0	0.35643200733735142	0.18645586094008926	1.5	1.5681868681077116	0.80228629627289239
26	831702	831702	160	false	0		Inf	172	0.99999965924804102	0.99999965924804102	0.99994710802015319	0	0	0	-0	-0	-0	0.35561545511090331	0.18364090282280479	1.5	1.756425927982405	0.30704368417909006
27	720308	720308	160	false	0		Inf	172	0.99999965962486115	0.99999965962486115	0.99975262336316095	0	0	0	-0	-0	-0	0.35268486570959612	0.18162174512647153	1.5	1.6192814223104717	0.35150934178923327
28	16729	16729	160	false	0		Inf	172	0.999999661549963	0.999999661549963	0.9998896755146629	0	0	0	-0	-0	-0	0.39112566621950473	0.1796035674543405	1.5	1.7445674097194823	0.3887846841093251
29	387749	387749	160	false	0		Inf	172	0.99999965694450765	0.99999965694450765	0.99971964916375955	0	0	0	-0	-0	-0	0.37844459617166354	0.19294129487071041	1.5	1.7296686661929841	0.39170782620136169
30	215846	215846	160	false	0		Inf	172	0.9999996614939598	0.9999996614939598	0.99988512478898661	0	0	0	-0	-0	-0	0.34685551830451034	0.16821405699598785	1.5	1.5832085643391598	0.387697584061865
31	312561	312561	160	false	0		Inf	172	0.99999966211387059	0.99999966211387059	0.99935302256322167	0	0	0	-0	-0	-0	0.34868333658011158	0.18082807229822681	1.5	1.6599585600886761	0.32448735133864315
32	749598	749598	160	false	0		Inf	172	0.99999966004777419	0.99999966004777419	0.99971286492393008	0	0	0	-0	-0	-0	0.33036503450555521	0.17975266988028024	1.5	1.4701679144769846	0.3957566009914068
33	631837	631837	160	false	0		Inf	172	0.99999966145034958	0.99999966145034958	0.99969137061026747	0	0	0	-0	-0	-0	0.3844243134157363	0.18720742921790284	1.5	1.8316366536144471	0.38594869355102163
34	746550	746550	160	false	0		Inf	172	0.99999965630656984	0.99999965630656984	0.9998810407056159	0	0	0	-0	-0	-0	0.41170241420208703	0.21010765394371411	1.5	1.9999999999999991	0.37414567316260799
35	709734	709734	160	false	0		Inf	172	0.99999966044792821	0.99999966044792821	0.99942969475372345	0	0	0	-0	-0	-0	0.36042631566329569	0.17896276653017565	1.5	1.7120381267974547	0.39520222762947232
36	181983	181983	160	false	0		Inf	172	0.99999966216130642	0.99999966216130642	0.99965755875577711	0	0	0	-0	-0	-0	0.36643903447814946	0.19017241111838401	1.5	1.7757732863392179	0.38881751901952583
37	279125	279125	160	false	0		Inf	172	0.99999966215574776	0.99999966215574776	0.9996734482552293	0	0	0	-0	-0	-0	0.38498211113440201	0.18136772007839971	1.5	1.7498561100867114	0.39401388709819513
38	965652	965652	160	false	0		Inf	172	0.99999966210738656	0.99999966210738656	0.99986003281293934	0	0	0	-0	-0	-0	0.37736213835181115	0.1845287193765108	1.5	1.5868099301537373	0.34719669431751138
39	419030	419030	160	false	0		Inf	172	0.99999966157293085	0.99999966157293085	0.99990325022320559	0	0	0	-0	-0	-0	0.35623417686527881	0.1809169333368425	1.5	1.6552782058819011	0.37820357635281371
40	888571	888571	160	false	0		Inf	172	0.99999966153353559	0.99999966153353559	0.99972507548926159	0	0	0	-0	-0	-0	0.37447187207611166	0.19647542603426293	1.5	1.8206382809934427	1.0873560718690878
