=== TRACE BENCHMARK RESULTS ===
N_shots = 1000
n_init = 12
n_iter = 100
num_sims = 40
workers = 5
threshold = 1.0
disable_stopping = true
require_surrogate_confidence = true
stopping_rule = surrogate_then_noisy
score_mode = odd_penalty
confidence_z = 0.98
restart_on_stagnation = true
restart_failure_window = 8
restart_min_active_iter = 16
restart_min_delta = 0.01
restart_disable_lcb = 0.8
restart_max_restarts = 5
restart_seed_policy = reset_local_bo_rng_and_worker_global_rng
kappa = 1.9
path_guard = false
path_guard_init_design = latin_hypercube
path_guard_init_center_exclusion = 0.0
path_guard_init_sobol_skip_max = 2048
decision_q_max = 1.0
path_guard_trust_start_q = 0.7
path_guard_strong_trust_q = 0.9
path_guard_global_scout_period = 7
path_guard_global_scout_frac = 0.15
center_jitter_u_max = 0.0
bound_scale = 0.5
freq_span_mode = raw_khz
freq_span_raw_kHz = 10.0
freq_span_2pi_kHz = 1.5915494309189535
fixed_init_seed = 0
gp_diag = false
gp_diag_dir = /Users/caleb/Documents/SQRL/Calibration/QuantumFidelityOptimization/data/gp_diagnostics_freqspan10_bound050_N1000_nostop100_stream_40seeds
gp_diag_grid_n = 101
gp_diag_snapshot_iters = 10,50,100
gp_diag_snapshot_axes = fcl,fsb,amp
gp_diag_every_iter_axes = fcl
stream_seed_outputs = true
seed_progress_csv = /Users/caleb/Documents/SQRL/Calibration/QuantumFidelityOptimization/data/traces_freqspan10_bound050_N1000_nostop100_stream_40seeds/seed_progress.csv
M_acq = 5000
M_rec = 20000
elapsed_seconds = 3312.3275289535522

=== RESULTS SUMMARY ===
Early stops = 0 / 40
Average Q_det = 0.9992061706481365 +/- 0.0008744386919012781
Median Q_det = 0.9995539771243687
Min Q_det = 0.9960177750095579
Max Q_det = 0.9999539681324133
Average log10(1-Q_det) = -3.32856080402047 +/- 0.47333629028148133
Average iterations = 100.0 +/- 0.0
Average total shots = 113000.0
Total restarts = 0
Average restarts = 0.0 +/- 0.0
Average seed elapsed seconds = 408.2552944242954 +/- 24.567481443137694

=== All Results ===
Sim	Seed	InitialSeed	Iterations	StoppedEarly	Restarts	RestartSeeds	TotalShots	NTrain	Q_det	Q_rec	Q_last	center_jitter_u1	center_jitter_u2	center_jitter_u3	true_opt_u1	true_opt_u2	true_opt_u3	ell1	ell2	ell3	sigma_f	c	ElapsedSeconds
1	714078	714078	100	false	0		113000	112	0.99905409637422038	0.998	0.998	0	0	0	-0	-0	-0	0.44817396566194517	0.30568596392391956	1.5	1.13977638891792	0.6865846357378147	401.20045900344849
2	849665	849665	100	false	0		113000	112	0.99971634643846641	1	1	0	0	0	-0	-0	-0	0.45150278976079261	0.29117969058885262	1.5	1.3463247158064335	0.81696758477227416	402.06823301315308
3	670733	670733	100	false	0		113000	112	0.9960177750095579	0.998	0.996	0	0	0	-0	-0	-0	0.47134219264464733	0.26571755601561381	1.5	1.3016515970620564	0.64206265628653447	402.87133002281189
4	400294	400294	100	false	0		113000	112	0.99989505790965116	1	0.998	0	0	0	-0	-0	-0	0.4859665672118631	0.25899076299190682	1.5	1.0421678625435788	0.70369139464014241	402.23638296127319
5	909858	909858	100	false	0		113000	112	0.99922574299989331	1	1	0	0	0	-0	-0	-0	0.4181876055523035	0.28270893769965566	1.5	1.0944441797215112	0.66567389017956646	405.78540992736816
6	473966	473966	100	false	0		113000	112	0.99988753904628702	1	0.99399999999999999	0	0	0	-0	-0	-0	0.50369064413951403	0.28244747259200448	1.5	1.3324217956200273	1.0365142664908182	457.14083909988403
7	981559	981559	100	false	0		113000	112	0.99952575849597025	1	0.99399999999999999	0	0	0	-0	-0	-0	0.44511689633910367	0.27360371921156157	1.5	1.2764628703073859	0.63517730515121151	452.34027409553528
8	318670	318670	100	false	0		113000	112	0.99971270129274659	1	0.998	0	0	0	-0	-0	-0	0.52671635238744774	0.2515003435748206	1.5	1.2471229111661657	0.71869810915922472	457.78822493553162
9	225142	225142	100	false	0		113000	112	0.99840533857282787	0.996	0.99199999999999999	0	0	0	-0	-0	-0	0.41530716799281947	0.28886153868013997	1.5	1.1642388976581148	0.82768823338971198	460.38358902931213
10	359405	359405	100	false	0		113000	112	0.9992667645692308	1	0.97399999999999998	0	0	0	-0	-0	-0	0.48180897126311478	0.29054240824149846	1.5	1.2970866126110328	0.78653048269054393	465.4390230178833
11	250215	250215	100	false	0		113000	112	0.99987487699437771	0.996	0.998	0	0	0	-0	-0	-0	0.38594779307758142	0.2753428265928185	1.5	1.0207509251713187	0.84664835030336061	430.34815406799316
12	558664	558664	100	false	0		113000	112	0.99962865943484458	1	0.998	0	0	0	-0	-0	-0	0.39768042125217606	0.27589728064745439	1.5	1.0141231524614498	0.92747634171047866	432.23576092720032
13	438880	438880	100	false	0		113000	112	0.99868340693550095	1	0.97399999999999998	0	0	0	-0	-0	-0	0.47371561082590297	0.31590735815959253	1.5	1.3512285309414973	0.84747169617844853	433.60179996490479
14	5937	5937	100	false	0		113000	112	0.9982407636946895	1	0.998	0	0	0	-0	-0	-0	0.49714545376640906	0.27151847301367338	1.5	1.2650126104964223	0.8557018276241295	435.57216000556946
15	615903	615903	100	false	0		113000	112	0.99995396813241333	1	0.97999999999999998	0	0	0	-0	-0	-0	0.43518230895810273	0.27200350289420927	1.5	1.0053573092433037	0.91876506294030624	439.80318117141724
16	150574	150574	100	false	0		113000	112	0.99958219575276708	1	0.99199999999999999	0	0	0	-0	-0	-0	0.48794822085469325	0.25752409223472089	1.5	1.0848890979417651	0.8007625281223093	402.50481390953064
17	963284	963284	100	false	0		113000	112	0.99817616856715974	0.998	0.99399999999999999	0	0	0	-0	-0	-0	0.51233004317566766	0.25685248887349399	1.5	1.3107288428236579	0.83341743158237291	403.38287901878357
18	473867	473867	100	false	0		113000	112	0.99966508540300869	1	0.998	0	0	0	-0	-0	-0	0.48033153543249513	0.29506562500042327	1.5	1.0595244732476348	0.78514151739591231	406.93272519111633
19	150918	150918	100	false	0		113000	112	0.99975687868053287	1	1	0	0	0	-0	-0	-0	0.4853396029009745	0.25716038072234026	1.5	1.2485869927145854	0.76269200977398377	408.28956389427185
20	955377	955377	100	false	0		113000	112	0.99918144086002336	1	0.98799999999999999	0	0	0	-0	-0	-0	0.53445549391579206	0.2853989432511142	1.5	1.3091259133143482	0.82097787931907673	412.56222200393677
21	902578	902578	100	false	0		113000	112	0.99993463453052756	1	0.98999999999999999	0	0	0	-0	-0	-0	0.49301431713505733	0.28784661189040395	1.5	1.1564992574746498	0.71445954637280162	394.88052582740784
22	61646	61646	100	false	0		113000	112	0.99959824038855072	1	0.99199999999999999	0	0	0	-0	-0	-0	0.54076579933852165	0.24559483558003412	1.5	1.1009049853938477	0.75315219715733983	398.2491090297699
23	197255	197255	100	false	0		113000	112	0.9998746429668266	0.998	0.996	0	0	0	-0	-0	-0	0.45543582691555506	0.2719400001814597	1.5	1.0290070131984952	0.81892085122716773	399.64107894897461
24	462583	462583	100	false	0		113000	112	0.99944824930284204	1	0.996	0	0	0	-0	-0	-0	0.52963373041105621	0.28190936875115313	1.5	1.2954604024308238	0.85792086849160121	401.69525098800659
25	184672	184672	100	false	0		113000	112	0.9996595463469371	1	0.99199999999999999	0	0	0	-0	-0	-0	0.45538773891596057	0.29913717517170701	1.5	1.2724554457728534	0.80150030777574954	403.82689905166626
26	831702	831702	100	false	0		113000	112	0.99977190085096668	1	0.98599999999999999	0	0	0	-0	-0	-0	0.48155769896800243	0.28570953670357335	1.5	1.0683988815257928	0.86405209609089895	385.89112687110901
27	720308	720308	100	false	0		113000	112	0.99960114746574569	1	0.98999999999999999	0	0	0	-0	-0	-0	0.45095164588422726	0.32339770075754454	1.5	1.2229216863889436	0.69522797924806368	390.50065612792969
28	16729	16729	100	false	0		113000	112	0.99971195896454079	1	1	0	0	0	-0	-0	-0	0.51829275391788565	0.28699973175574794	1.5	1.2494555449915157	0.88836996168106008	390.62378120422363
29	387749	387749	100	false	0		113000	112	0.99791499794154681	1	0.998	0	0	0	-0	-0	-0	0.43248613041245593	0.25506769527920214	1.5	1.0967877736074698	0.92368445472601768	395.59052491188049
30	215846	215846	100	false	0		113000	112	0.99887572500161492	0.998	1	0	0	0	-0	-0	-0	0.45597003723888557	0.2779612187993189	1.5	1.2376032149995169	0.9912211280384845	397.4613938331604
31	312561	312561	100	false	0		113000	112	0.99935629119909886	1	0.998	0	0	0	-0	-0	-0	0.38884172845659143	0.28038562866413019	1.5	1.0443632807708569	0.5674441057616092	383.12121796607971
32	749598	749598	100	false	0		113000	112	0.99944899198832127	1	1	0	0	0	-0	-0	-0	0.43115985697217579	0.25860529813662475	1.5	0.99432614963776123	0.66064156830745635	387.85940098762512
33	631837	631837	100	false	0		113000	112	0.99803577585410386	0.99399999999999999	0.996	0	0	0	-0	-0	-0	0.50887569337223404	0.26241230667478271	1.5	1.332950018500884	0.6206167059939024	387.54517006874084
34	746550	746550	100	false	0		113000	112	0.99875855688293469	1	0.98799999999999999	0	0	0	-0	-0	-0	0.43665039273762579	0.24825763566773196	1.5	0.97644988993443993	0.79348600097777888	393.30040788650513
35	709734	709734	100	false	0		113000	112	0.99662652714899458	0.998	0.998	0	0	0	-0	-0	-0	0.44234680509750374	0.30001569829122882	1.5	1.186693199258569	0.9861400005920361	397.24342107772827
36	181983	181983	100	false	0		113000	112	0.99970095212246202	1	0.99399999999999999	0	0	0	-0	-0	-0	0.45079902115725073	0.28327526676734194	1.5	1.1158368133851726	0.79515984910868298	379.60328197479248
37	279125	279125	100	false	0		113000	112	0.99994818208118652	1	0.98999999999999999	0	0	0	-0	-0	-0	0.47884791028614965	0.28175964368927986	1.5	1.3215698413088863	0.88086945788975257	381.80932307243347
38	965652	965652	100	false	0		113000	112	0.99939298511113306	0.996	0.99399999999999999	0	0	0	-0	-0	-0	0.42175009610343739	0.29495208071900736	1.5	1.1015760275236299	0.82532998739416152	383.26236581802368
39	419030	419030	100	false	0		113000	112	0.99947029155809852	1	0.996	0	0	0	-0	-0	-0	0.45051991185852758	0.29284654923220893	1.5	1.2823872800309293	0.7383240276573324	383.41766119003296
40	888571	888571	100	false	0		113000	112	0.99966666305486307	0.998	1	0	0	0	-0	-0	-0	0.41060021619834092	0.31201182372768527	1.5	1.1233977960017658	0.74631326630171058	382.20215487480164
