=== TRACE BENCHMARK RESULTS ===
N_shots = 10000
n_init = 12
n_iter = 100
num_sims = 40
workers = 5
threshold = 1.0
disable_stopping = true
require_surrogate_confidence = true
stopping_rule = surrogate_then_noisy
score_mode = full_l1
confidence_z = 0.98
restart_on_stagnation = true
restart_failure_window = 8
restart_min_active_iter = 16
restart_min_delta = 0.01
restart_disable_lcb = 0.8
restart_max_restarts = 5
restart_seed_policy = reset_local_bo_rng_and_worker_global_rng
kappa = 1.9
path_guard = false
path_guard_init_design = latin_hypercube
path_guard_init_center_exclusion = 0.0
path_guard_init_sobol_skip_max = 2048
decision_q_max = 1.0
path_guard_trust_start_q = 0.7
path_guard_strong_trust_q = 0.9
path_guard_global_scout_period = 7
path_guard_global_scout_frac = 0.15
center_jitter_u_max = 0.0
bound_scale = 0.5
freq_span_mode = raw_khz
freq_span_raw_kHz = 10.0
freq_span_2pi_kHz = 1.5915494309189535
fixed_init_seed = 0
gp_diag = false
gp_diag_dir = /Users/caleb/Documents/SQRL/Calibration/QuantumFidelityOptimization/data/gp_diagnostics_freqspan10_bound050_full_l1_N10000_nostop100_stream_40seeds
gp_diag_grid_n = 101
gp_diag_snapshot_iters = 10,50,100
gp_diag_snapshot_axes = fcl,fsb,amp
gp_diag_every_iter_axes = fcl
stream_seed_outputs = true
seed_progress_csv = /Users/caleb/Documents/SQRL/Calibration/QuantumFidelityOptimization/data/traces_freqspan10_bound050_full_l1_N10000_nostop100_stream_40seeds/seed_progress.csv
M_acq = 5000
M_rec = 20000
elapsed_seconds = 3340.5608689785004

=== RESULTS SUMMARY ===
Early stops = 0 / 40
Average Q_det = 0.9997665531715999 +/- 0.0003688481732478582
Median Q_det = 0.9999246340576209
Min Q_det = 0.9983035019172729
Max Q_det = 0.9999969495094515
Average log10(1-Q_det) = -4.0540140714451285 +/- 0.6232492446637777
Average iterations = 100.0 +/- 0.0
Average total shots = 1.13e6
Total restarts = 0
Average restarts = 0.0 +/- 0.0
Average seed elapsed seconds = 407.33053211569785 +/- 14.44062575009622

=== All Results ===
Sim	Seed	InitialSeed	Iterations	StoppedEarly	Restarts	RestartSeeds	TotalShots	NTrain	Q_det	Q_rec	Q_last	center_jitter_u1	center_jitter_u2	center_jitter_u3	true_opt_u1	true_opt_u2	true_opt_u3	ell1	ell2	ell3	sigma_f	c	ElapsedSeconds
1	714078	714078	100	false	0		1130000	112	0.99991315924440394	0.99960000000000004	0.99770000000000003	0	0	0	-0	-0	-0	0.58877722012943579	0.3667872167784374	1.5	0.92508667794909683	0.050000000000000162	416.56724715232849
2	849665	849665	100	false	0		1130000	112	0.99939200797230709	0.99970000000000003	0.99909999999999999	0	0	0	-0	-0	-0	0.5696598596875484	0.36352814526335347	1.5	1.0689790217237984	0.050000000000000829	405.87191104888916
3	670733	670733	100	false	0		1130000	112	0.99944243188727822	0.99960000000000004	0.99770000000000003	0	0	0	-0	-0	-0	0.58261681201334636	0.33019370491386296	1.5	1.0778926640585913	0.76289298531830607	398.69647598266602
4	400294	400294	100	false	0		1130000	112	0.99995688711384911	1	0.99890000000000001	0	0	0	-0	-0	-0	0.62534655769208081	0.33254545137943631	1.5	1.133384457633746	0.050000000000000031	406.17673802375793
5	909858	909858	100	false	0		1130000	112	0.99994205442998241	1	0.99980000000000002	0	0	0	-0	-0	-0	0.53551478974266264	0.32512676318632505	1.5	0.92125247172705238	0.050000000000002494	402.30095314979553
6	473966	473966	100	false	0		1130000	112	0.99985093235031552	1	0.99680000000000002	0	0	0	-0	-0	-0	0.59038474289747356	0.33981526696454806	1.5	1.1244222061830054	0.75821365634219529	390.54748797416687
7	981559	981559	100	false	0		1130000	112	0.99995785322019537	1	0.99819999999999998	0	0	0	-0	-0	-0	0.54292364772978929	0.30516902482856489	1.5	1.0616905360785942	0.70103387860067212	391.24801397323608
8	318670	318670	100	false	0		1130000	112	0.99992585086677976	0.99990000000000001	0.99739999999999995	0	0	0	-0	-0	-0	0.62565529464662661	0.34516203655779892	1.5	1.0838555761856121	0.7125549207709877	388.88189291954041
9	225142	225142	100	false	0		1130000	112	0.99989300618706234	0.99990000000000001	0.99790000000000001	0	0	0	-0	-0	-0	0.48156748574605629	0.31728758648259819	1.5	0.76065358830598495	0.050000000000000031	385.32243990898132
10	359405	359405	100	false	0		1130000	112	0.99985283448630757	0.99950000000000006	0.99650000000000005	0	0	0	-0	-0	-0	0.62144294812222134	0.362125414608644	1.5	1.21088455580513	0.52260324385215495	406.52621698379517
11	250215	250215	100	false	0		1130000	112	0.99976559494174067	0.99960000000000004	0.99829999999999997	0	0	0	-0	-0	-0	0.56568189455840023	0.33850161239984289	1.5	1.1057618212845128	0.27255089424648399	392.87131714820862
12	558664	558664	100	false	0		1130000	112	0.99997405822325969	0.99990000000000001	0.99839999999999995	0	0	0	-0	-0	-0	0.53692098047863135	0.38324737636193901	1.5	0.9451186442316114	0.10203223373217764	399.44341897964478
13	438880	438880	100	false	0		1130000	112	0.9996569329558842	0.99980000000000002	0.99299999999999999	0	0	0	-0	-0	-0	0.64826447294781075	0.36056948278698608	1.5	1.101405487733037	0.38013407159101359	407.44842505455017
14	5937	5937	100	false	0		1130000	112	0.99830350191727291	0.99850000000000005	0.99739999999999995	0	0	0	-0	-0	-0	0.57862117546109204	0.36613451264197272	1.5	1.1091981039000061	0.050000000000019237	398.64043211936951
15	615903	615903	100	false	0		1130000	112	0.9988751505478608	0.99870000000000003	0.99039999999999995	0	0	0	-0	-0	-0	0.60544465000721193	0.3255312255362548	1.5	1.0860925929932437	0.30741805209363443	402.59898519515991
16	150574	150574	100	false	0		1130000	112	0.99995172260338872	1	0.99539999999999995	0	0	0	-0	-0	-0	0.59892034515875792	0.30715024248880768	1.5	0.93024413856742338	0.4809241892456958	390.8065230846405
17	963284	963284	100	false	0		1130000	112	0.99911986273099807	0.99890000000000001	0.99809999999999999	0	0	0	-0	-0	-0	0.61384390632966412	0.35435496811841288	1.5	0.99531811959385053	0.050000000000000093	398.31900095939636
18	473867	473867	100	false	0		1130000	112	0.99991727064277192	0.99990000000000001	0.99919999999999998	0	0	0	-0	-0	-0	0.52234362391956091	0.34770339233800207	1.5	0.85104338757278075	0.050000000000001141	390.0509729385376
19	150918	150918	100	false	0		1130000	112	0.99997826300277126	0.99990000000000001	0.99939999999999996	0	0	0	-0	-0	-0	0.66488443723024904	0.34139102521912063	1.5	1.1618887222919805	0.25311767163477805	397.01217103004456
20	955377	955377	100	false	0		1130000	112	0.99957108944879358	0.99950000000000006	0.99529999999999996	0	0	0	-0	-0	-0	0.55946842240026751	0.33169436594118651	1.5	0.96483163776976311	0.050000000000000031	403.08009696006775
21	902578	902578	100	false	0		1130000	112	0.99999173963663901	1	0.99080000000000001	0	0	0	-0	-0	-0	0.62345241779151839	0.32643778963027031	1.5	1.0811383418098266	0.050000000000000031	394.03675603866577
22	61646	61646	100	false	0		1130000	112	0.99999241689228779	1	0.99509999999999998	0	0	0	-0	-0	-0	0.58745582471672886	0.34600014605867468	1.5	1.020126854342438	0.050000000000000031	394.83782005310059
23	197255	197255	100	false	0		1130000	112	0.9999234172484619	1	0.99709999999999999	0	0	0	-0	-0	-0	0.62574565264491611	0.36689981118574083	1.5	1.1106454956074969	0.50705887258798554	389.25383996963501
24	462583	462583	100	false	0		1130000	112	0.99994564986841517	1	0.99780000000000002	0	0	0	-0	-0	-0	0.5049407166475145	0.326896441384604	1.5	0.93947776249907666	0.050000000000000031	395.93074798583984
25	184672	184672	100	false	0		1130000	112	0.99896615958378865	0.99919999999999998	0.99670000000000003	0	0	0	-0	-0	-0	0.57246573514210142	0.38325481234404757	1.5	1.0479451760833152	0.050000000000000273	410.5939838886261
26	831702	831702	100	false	0		1130000	112	0.9999759632180506	1	0.99370000000000003	0	0	0	-0	-0	-0	0.55532355787179333	0.32121860185018136	1.5	0.9517797071498868	0.43644659624410792	411.54140901565552
27	720308	720308	100	false	0		1130000	112	0.99997196522130871	1	0.99690000000000001	0	0	0	-0	-0	-0	0.53776912704995705	0.33899914242848028	1.5	0.99413053620680514	0.21210072969481314	404.36984896659851
28	16729	16729	100	false	0		1130000	112	0.99974006984906139	1	0.99909999999999999	0	0	0	-0	-0	-0	0.57075365063786709	0.34218895054636439	1.5	1.0142224186362501	0.23088929564887692	414.66181802749634
29	387749	387749	100	false	0		1130000	112	0.99991804121581496	0.99990000000000001	0.99709999999999999	0	0	0	-0	-0	-0	0.62791064573018374	0.34801650057544553	1.5	1.0980128959891566	0.050000000000000162	414.51941299438477
30	215846	215846	100	false	0		1130000	112	0.99949054613255717	0.99939999999999996	0.99970000000000003	0	0	0	-0	-0	-0	0.57707970250586371	0.34093915266924207	1.5	1.0385341470623335	0.49660509912071016	425.41820812225342
31	312561	312561	100	false	0		1130000	112	0.99991224798092559	0.99990000000000001	0.99790000000000001	0	0	0	-0	-0	-0	0.59364702283389426	0.36387372325486994	1.5	0.98259637471500727	0.41788712534082367	416.73197984695435
32	749598	749598	100	false	0		1130000	112	0.9999969495094515	1	0.99829999999999997	0	0	0	-0	-0	-0	0.63955376807496489	0.35929984842958212	1.5	1.1574303662470384	0.27434361328962992	418.66008281707764
33	631837	631837	100	false	0		1130000	112	0.99998014049299677	0.99990000000000001	0.99770000000000003	0	0	0	-0	-0	-0	0.65572981483572135	0.39064190453989167	1.5	1.1576700031342584	0.412330197228161	418.65335297584534
34	746550	746550	100	false	0		1130000	112	0.9999570392672924	1	0.99480000000000002	0	0	0	-0	-0	-0	0.56229142251339814	0.33194499539130284	1.5	1.0250742576818599	0.69487659608962582	425.13111090660095
35	709734	709734	100	false	0		1130000	112	0.9999325171668858	0.99980000000000002	0.99780000000000002	0	0	0	-0	-0	-0	0.6412113958715796	0.35726930121708317	1.5	1.1153909932886024	0.59170372898305579	434.03460907936096
36	181983	181983	100	false	0		1130000	112	0.9999379890199448	0.99990000000000001	0.99670000000000003	0	0	0	-0	-0	-0	0.57743444054493143	0.34091804487133209	1.5	1.0623538350788488	0.67385855751219459	426.70151805877686
37	279125	279125	100	false	0		1130000	112	0.99996010359094911	0.99990000000000001	0.99760000000000004	0	0	0	-0	-0	-0	0.51978527670912811	0.31742873731341725	1.5	0.93888920520610286	0.050000000000000031	424.67423915863037
38	965652	965652	100	false	0		1130000	112	0.99995172284428036	0.99990000000000001	0.997	0	0	0	-0	-0	-0	0.59181643064488942	0.3538871320814943	1.5	1.0851934360862341	0.050000000000000051	429.17422413825989
39	419030	419030	100	false	0		1130000	112	0.99997132642323372	1	0.997	0	0	0	-0	-0	-0	0.55216896734316567	0.33947391630854512	1.5	1.0672562033388879	0.67641457410392403	437.83958411216736
40	888571	888571	100	false	0		1130000	112	0.9999056569284176	1	0.999	0	0	0	-0	-0	-0	0.58969427242212891	0.39593557725772655	1.5	1.1504677267568073	0.050000000000005006	434.04601788520813
