=== TRACE BENCHMARK RESULTS ===
N_shots = 250
n_init = 12
n_iter = 100
num_sims = 40
workers = 5
threshold = 1.0
disable_stopping = true
require_surrogate_confidence = true
stopping_rule = surrogate_then_noisy
score_mode = odd_penalty
confidence_z = 0.98
restart_on_stagnation = true
restart_failure_window = 8
restart_min_active_iter = 16
restart_min_delta = 0.01
restart_disable_lcb = 0.8
restart_max_restarts = 5
restart_seed_policy = reset_local_bo_rng_and_worker_global_rng
kappa = 1.9
path_guard = false
path_guard_init_design = latin_hypercube
path_guard_init_center_exclusion = 0.0
path_guard_init_sobol_skip_max = 2048
decision_q_max = 1.0
path_guard_trust_start_q = 0.7
path_guard_strong_trust_q = 0.9
path_guard_global_scout_period = 7
path_guard_global_scout_frac = 0.15
center_jitter_u_max = 0.0
bound_scale = 0.5
freq_span_mode = raw_khz
freq_span_raw_kHz = 10.0
freq_span_2pi_kHz = 1.5915494309189535
fixed_init_seed = 0
gp_diag = false
gp_diag_dir = /Users/caleb/Documents/SQRL/Calibration/QuantumFidelityOptimization/data/gp_diagnostics_freqspan10_bound050_N250_nostop100_stream_40seeds
gp_diag_grid_n = 101
gp_diag_snapshot_iters = 10,50,100
gp_diag_snapshot_axes = fcl,fsb,amp
gp_diag_every_iter_axes = fcl
stream_seed_outputs = true
seed_progress_csv = /Users/caleb/Documents/SQRL/Calibration/QuantumFidelityOptimization/data/traces_freqspan10_bound050_N250_nostop100_stream_40seeds/seed_progress.csv
M_acq = 5000
M_rec = 20000
elapsed_seconds = 3151.747547864914

=== RESULTS SUMMARY ===
Early stops = 0 / 40
Average Q_det = 0.9984120813739393 +/- 0.0014850377439994777
Median Q_det = 0.9987679933823073
Min Q_det = 0.9924806228953386
Max Q_det = 0.9999718650899881
Average log10(1-Q_det) = -3.011974208821382 +/- 0.5130026202884996
Average iterations = 100.0 +/- 0.0
Average total shots = 28250.0
Total restarts = 0
Average restarts = 0.0 +/- 0.0
Average seed elapsed seconds = 391.09916719198225 +/- 3.864834578016065

=== All Results ===
Sim	Seed	InitialSeed	Iterations	StoppedEarly	Restarts	RestartSeeds	TotalShots	NTrain	Q_det	Q_rec	Q_last	center_jitter_u1	center_jitter_u2	center_jitter_u3	true_opt_u1	true_opt_u2	true_opt_u3	ell1	ell2	ell3	sigma_f	c	ElapsedSeconds
1	714078	714078	100	false	0		28250	112	0.99983735541096708	1	1	0	0	0	-0	-0	-0	0.50369620513905777	0.31252632329718238	1.5	1.5731515804714482	0.9025132949761574	398.511470079422
2	849665	849665	100	false	0		28250	112	0.99878056467852483	0.99199999999999999	1	0	0	0	-0	-0	-0	0.44529065978225124	0.27415819713068706	1.5	1.4786623036702262	0.87898447670529145	401.91515898704529
3	670733	670733	100	false	0		28250	112	0.99742826031383591	1	0.98399999999999999	0	0	0	-0	-0	-0	0.48953795930879984	0.25103722861160371	1.5	1.3873356903555296	0.86823956251353518	401.13948607444763
4	400294	400294	100	false	0		28250	112	0.99981364388860028	1	1	0	0	0	-0	-0	-0	0.45949117788879906	0.30465656782170669	1.5	1.5315711243497978	1.0955434245975444	399.79074001312256
5	909858	909858	100	false	0		28250	112	0.99886013131949181	1	0.98399999999999999	0	0	0	-0	-0	-0	0.41802266450638009	0.23509557174729198	1.5	1.1945015063639937	0.90929523953153923	398.46185898780823
6	473966	473966	100	false	0		28250	112	0.9984625179576232	0.99199999999999999	0.98399999999999999	0	0	0	-0	-0	-0	0.540775559986031	0.29457958176047283	1.5	1.491758825157496	0.9716405249267076	391.69813704490662
7	981559	981559	100	false	0		28250	112	0.99949078388320345	1	0.99199999999999999	0	0	0	-0	-0	-0	0.47010244075814323	0.27900935804476029	1.5	1.3371935886661006	0.90050647703634945	388.02663516998291
8	318670	318670	100	false	0		28250	112	0.99925708463306906	1	0.99199999999999999	0	0	0	-0	-0	-0	0.50802885678154208	0.28880046672967424	1.5	1.4051043481225618	0.74049625109121187	389.55471014976501
9	225142	225142	100	false	0		28250	112	0.9992155342765241	1	0.99199999999999999	0	0	0	-0	-0	-0	0.45962486104010958	0.28583499036916193	1.5	1.4108124109677251	0.84667657621887538	389.50567007064819
10	359405	359405	100	false	0		28250	112	0.99843821116067299	1	1	0	0	0	-0	-0	-0	0.4643895578649051	0.2763084532220676	1.5	1.4177619499899623	0.88991665919595386	392.91549015045166
11	250215	250215	100	false	0		28250	112	0.99880128102652088	0.99199999999999999	1	0	0	0	-0	-0	-0	0.48134086388442193	0.28585163495326871	1.5	1.2519578416972297	0.73888723103611398	390.63541102409363
12	558664	558664	100	false	0		28250	112	0.99786598192496734	1	0.99199999999999999	0	0	0	-0	-0	-0	0.41173765544617691	0.27876704070360886	1.5	1.1427368479069404	0.83402230678882761	389.95213007926941
13	438880	438880	100	false	0		28250	112	0.9997876084316788	1	0.95999999999999996	0	0	0	-0	-0	-0	0.52386278700062316	0.28472590750058985	1.5	1.3802113308206094	0.86752735131987069	392.02875995635986
14	5937	5937	100	false	0		28250	112	0.99994400024498886	1	0.99199999999999999	0	0	0	-0	-0	-0	0.48624793932364013	0.27231623585389536	1.5	1.4587008404183719	0.9685152233650326	391.81746315956116
15	615903	615903	100	false	0		28250	112	0.99866279248577072	1	0	0	0	0	-0	-0	-0	0.43422672835554582	0.2737325169929013	1.5	1.1932419608444385	0.87116306882515804	393.31963682174683
16	150574	150574	100	false	0		28250	112	0.99739592640125563	1	0.93599999999999994	0	0	0	-0	-0	-0	0.49292313881195393	0.26319034614137787	1.5	1.1747301010813143	0.76880177689379026	385.82635307312012
17	963284	963284	100	false	0		28250	112	0.99711499567403861	1	0.98399999999999999	0	0	0	-0	-0	-0	0.46175573593962788	0.29379126417388579	1.5	1.4124348922475409	0.90955518041935735	389.4817099571228
18	473867	473867	100	false	0		28250	112	0.99887327356577649	1	0.95999999999999996	0	0	0	-0	-0	-0	0.40778890183631761	0.26818193887339126	1.5	1.006155665137815	0.88072039907099586	390.04319596290588
19	150918	150918	100	false	0		28250	112	0.99802538544955821	1	1	0	0	0	-0	-0	-0	0.46736541641873713	0.26562626085758356	1.5	1.3522703934118407	0.93763004504374525	391.56060600280762
20	955377	955377	100	false	0		28250	112	0.99997186508998814	1	0.97599999999999998	0	0	0	-0	-0	-0	0.52230313508343817	0.27741150262592301	1.5	1.4159018733706159	0.77495323273689309	390.51503491401672
21	902578	902578	100	false	0		28250	112	0.99907368977329503	1	1	0	0	0	-0	-0	-0	0.54404444344354375	0.27634323862990212	1.5	1.3958392426335873	0.74300837159639743	385.97729516029358
22	61646	61646	100	false	0		28250	112	0.99248062289533856	0.98399999999999999	0.95199999999999996	0	0	0	-0	-0	-0	0.43875749046422463	0.26000762536960548	1.5	1.1709537442399354	0.99227486264047859	390.27575397491455
23	197255	197255	100	false	0		28250	112	0.99869427642428921	1	1	0	0	0	-0	-0	-0	0.4158061317405588	0.31484693563317218	1.5	1.0369686868956647	1.0438038875263873	387.79851603507996
24	462583	462583	100	false	0		28250	112	0.99603420085387717	1	1	0	0	0	-0	-0	-0	0.42273956759467535	0.26901675777546502	1.5	1.2843761314560036	0.63825678592664559	388.72343492507935
25	184672	184672	100	false	0		28250	112	0.99819459425506052	1	0.97599999999999998	0	0	0	-0	-0	-0	0.44828726683996911	0.30579588456972973	1.5	1.3009216403671924	0.85323622071129368	392.04153990745544
26	831702	831702	100	false	0		28250	112	0.99889866219583334	0.99199999999999999	0	0	0	0	-0	-0	-0	0.3874168087784074	0.27221842437980309	1.5	1.1332078797656466	0.65647197701915727	388.35507011413574
27	720308	720308	100	false	0		28250	112	0.99918783489883034	1	0.97599999999999998	0	0	0	-0	-0	-0	0.45492378588133059	0.30085272019789405	1.5	1.3771188876493003	0.84213556722887217	389.84316205978394
28	16729	16729	100	false	0		28250	112	0.99949435221897109	0.99199999999999999	1	0	0	0	-0	-0	-0	0.50405269274412223	0.26309482471153656	1.5	1.2235508603521597	0.93243931618440101	389.34716582298279
29	387749	387749	100	false	0		28250	112	0.99608368891870369	1	0	0	0	0	-0	-0	-0	0.40646218937926071	0.28475919084324958	1.5	1.301604988262772	0.80739033373200508	388.61375999450684
30	215846	215846	100	false	0		28250	112	0.99582601579433772	1	1	0	0	0	-0	-0	-0	0.44566368153648805	0.24537838720550648	1.5	1.3501120107611617	0.87979947995917507	392.27714085578918
31	312561	312561	100	false	0		28250	112	0.9994204593054774	1	1	0	0	0	-0	-0	-0	0.42735128062558592	0.2812018178049579	1.5	1.2366175769756751	0.85147267894249379	388.13202691078186
32	749598	749598	100	false	0		28250	112	0.99764991876619602	1	1	0	0	0	-0	-0	-0	0.45888786389155661	0.25819277769466048	1.5	1.271061306601224	0.75667564045693936	390.78016304969788
33	631837	631837	100	false	0		28250	112	0.99865563228010534	0.99199999999999999	0.99199999999999999	0	0	0	-0	-0	-0	0.49514892139516758	0.32645885971983601	1.5	1.5552854721845464	0.7763112840312052	388.89805603027344
34	746550	746550	100	false	0		28250	112	0.9996887223933677	1	0.98399999999999999	0	0	0	-0	-0	-0	0.47749343738843048	0.28205341493573571	1.5	1.3262458662071592	0.77111449940639065	391.16252112388611
35	709734	709734	100	false	0		28250	112	0.99875542208608969	1	0.98399999999999999	0	0	0	-0	-0	-0	0.42977080756923908	0.32996561221843956	1.5	1.3152945957271003	0.96928744568043568	393.32632994651794
36	181983	181983	100	false	0		28250	112	0.99957721680804834	1	0.98399999999999999	0	0	0	-0	-0	-0	0.50292391636659517	0.28372025599614992	1.5	1.3090371039586413	0.72134588795449994	389.07348704338074
37	279125	279125	100	false	0		28250	112	0.99866448748037451	1	0.96799999999999997	0	0	0	-0	-0	-0	0.50372609716091787	0.25891490530155142	1.5	1.4683638113924604	0.95170818727972817	388.34995698928833
38	965652	965652	100	false	0		28250	112	0.99816688304266987	1	1	0	0	0	-0	-0	-0	0.46125830308736532	0.34752095586790466	1.5	1.4869646502055569	1.0585920775590831	388.41937589645386
39	419030	419030	100	false	0		28250	112	0.99607117225696695	1	1	0	0	0	-0	-0	-0	0.514208982641158	0.3073442694363418	1.5	1.4188256243195314	0.92282159168949274	388.41204500198364
40	888571	888571	100	false	0		28250	112	0.99983820449267646	1	0.99199999999999999	0	0	0	-0	-0	-0	0.45589628392626835	0.27342526636341219	1.5	1.3293972789131208	0.93127638023189763	387.46022915840149
