=== TRACE BENCHMARK RESULTS ===
N_shots = 250
n_init = 12
n_iter = 160
num_sims = 40
workers = 5
threshold = 0.996
require_surrogate_confidence = true
stopping_rule = surrogate_then_noisy
score_mode = odd_penalty
confidence_z = 1.0
restart_on_stagnation = true
restart_failure_window = 8
restart_min_active_iter = 16
restart_min_delta = 0.01
restart_disable_lcb = 0.8
restart_max_restarts = 5
restart_seed_policy = reset_local_bo_rng_and_worker_global_rng
kappa = 1.9
path_guard = false
path_guard_init_design = latin_hypercube
path_guard_init_center_exclusion = 0.0
path_guard_init_sobol_skip_max = 2048
decision_q_max = 1.0
path_guard_trust_start_q = 0.7
path_guard_strong_trust_q = 0.9
path_guard_global_scout_period = 7
path_guard_global_scout_frac = 0.15
center_jitter_u_max = 0.0
bound_scale = 0.5
freq_span_mode = raw_khz
freq_span_raw_kHz = 10.0
freq_span_2pi_kHz = 1.5915494309189535
fixed_init_seed = 0
M_acq = 5000
M_rec = 20000
elapsed_seconds = 1442.1936359405518

=== RESULTS SUMMARY ===
Early stops = 40 / 40
Average Q_det = 0.9984027378630035 +/- 0.0016047650119785143
Median Q_det = 0.9988987050764963
Min Q_det = 0.9936492103176484
Max Q_det = 0.9999383724774388
Average log10(1-Q_det) = -3.0779688493061492 +/- 0.5684829926137406
Average iterations = 43.325 +/- 13.38845177851573
Average total shots = 14150.0
Total restarts = 0
Average restarts = 0.0 +/- 0.0

=== All Results ===
Sim	Seed	InitialSeed	Iterations	StoppedEarly	Restarts	RestartSeeds	TotalShots	NTrain	Q_det	Q_rec	Q_last	center_jitter_u1	center_jitter_u2	center_jitter_u3	true_opt_u1	true_opt_u2	true_opt_u3	ell1	ell2	ell3	sigma_f	c
1	714078	714078	58	true	0		18000	72	0.9977097001780415	1	0.96799999999999997	0	0	0	-0	-0	-0	0.40603774367881973	0.29153685592966389	1.4998500074997501	1.1661584267793006	0.78863937145089591
2	849665	849665	30	true	0		10750	43	0.99898860347098228	1	0.93599999999999994	0	0	0	-0	-0	-0	0.38035029604607579	0.23160055007982946	1.5	1.0329137851483674	0.34824358175915826
3	670733	670733	43	true	0		14000	56	0.99988944764685483	1	1	0	0	0	-0	-0	-0	0.43892612886504834	0.24158700215125381	1.4998500074997501	1.0634674325357805	0.90201994878854197
4	400294	400294	40	true	0		13250	53	0.99914080267319694	1	0.96799999999999997	0	0	0	-0	-0	-0	0.39634643531504715	0.28452925820732361	1.5	1.0950740456859855	0.96081215143123455
5	909858	909858	38	true	0		12750	51	0.99481095012876342	1	1	0	0	0	-0	-0	-0	0.37727244928683407	0.17604006108985293	1.4998500074997501	0.89004844304957853	0.050005000250008348
6	473966	473966	45	true	0		14500	58	0.99993837247743877	1	0.98399999999999999	0	0	0	-0	-0	-0	0.46294961431584475	0.2826422062671643	1.4998500074997501	1.1322983506106681	1.0070177733582477
7	981559	981559	49	true	0		15500	62	0.99845445166915126	1	1	0	0	0	-0	-0	-0	0.39617567791196096	0.23797179184872608	1.4998500074997501	1.0298960771230894	0.77814356807923613
8	318670	318670	33	true	0		11750	47	0.99916618376311961	1	1	0	0	0	-0	-0	-0	0.37235560537085244	0.23989098795892938	1.4998500074997501	0.92879854846098153	0.050005000250008348
9	225142	225142	43	true	0		14000	56	0.99961258347691695	1	0.98399999999999999	0	0	0	-0	-0	-0	0.38875756117297638	0.23888899717701573	1.4998500074997501	1.0099891136200427	0.70217862872561543
10	359405	359405	30	true	0		10750	43	0.99643271239593278	1	0.98399999999999999	0	0	0	-0	-0	-0	0.39511246020085983	0.26005143826560573	1.5	0.96581648684823374	0.050000000000000031
11	250215	250215	53	true	0		16750	67	0.99612369125816391	1	0.99199999999999999	0	0	0	-0	-0	-0	0.39503822801512473	0.25124317508887051	1.4998500074997501	0.98044283894037076	0.63250681792212493
12	558664	558664	42	true	0		14000	56	0.99919144919236835	1	0.99199999999999999	0	0	0	-0	-0	-0	0.32098112179885785	0.2427289622914941	1.4998500074997501	0.82208149009105758	0.29390166284848257
13	438880	438880	18	true	0		7750	31	0.99364921031764841	1	0.97599999999999998	0	0	0	-0	-0	-0	1.4998500074997501	0.11285968631444789	1.4998500074997501	0.72225312984219747	0.050005000250008348
14	5937	5937	41	true	0		13500	54	0.99868367117619583	1	0.99199999999999999	0	0	0	-0	-0	-0	0.37043908685081062	0.22167592505897227	1.4998500074997501	1.0116312899038038	0.62627800388956301
15	615903	615903	76	true	0		22250	89	0.9997550169243804	1	0.96799999999999997	0	0	0	-0	-0	-0	0.38042904543557809	0.24861312794512866	1.4998500074997501	0.93492004769285952	0.72117499341303637
16	150574	150574	37	true	0		12500	50	0.99869390778738276	1	0.99199999999999999	0	0	0	-0	-0	-0	0.37561283642024235	0.1895983679254834	1.4998500074997501	0.80869133124085768	0.85788940899364607
17	963284	963284	33	true	0		11500	46	0.99619720175914861	1	0.99199999999999999	0	0	0	-0	-0	-0	0.38845306288894882	0.24690596725464786	1.4998500074997501	0.91048625468603916	0.050005000250008348
18	473867	473867	52	true	0		16500	66	0.99936547453812719	1	0.99199999999999999	0	0	0	-0	-0	-0	0.34773780722434261	0.20818474721640173	1.4998500074997501	0.79387993216168795	0.18647066911630364
19	150918	150918	44	true	0		14750	59	0.99963777877427984	1	0.98399999999999999	0	0	0	-0	-0	-0	0.43366292519524308	0.24160225673642197	1.4998500074997501	1.0895077090752445	0.96128107867669277
20	955377	955377	37	true	0		12500	50	0.99985613845172627	1	0.97599999999999998	0	0	0	-0	-0	-0	0.45087148542688738	0.2408556129378385	1.4998500074997501	0.98572398055320787	0.52190664408017473
21	902578	902578	40	true	0		13250	53	0.9978291302280059	1	0.97599999999999998	0	0	0	-0	-0	-0	0.5017054601987806	0.2548978210799373	1.5	1.0387631919720961	0.43012010611519436
22	61646	61646	52	true	0		16250	65	0.99989228269837838	1	0.96799999999999997	0	0	0	-0	-0	-0	0.38175567742919098	0.23052600151104546	1.4998500074997501	0.92662362964739109	1.0218686744295467
23	197255	197255	63	true	0		19000	76	0.9977212717666939	1	0.98399999999999999	0	0	0	-0	-0	-0	0.36458790125784307	0.27683894212786236	1.4998500074997501	0.86079256867269982	1.0353242385810391
24	462583	462583	43	true	0		14000	56	0.99981829582975656	1	1	0	0	0	-0	-0	-0	0.40277397185303898	0.242634594686469	1.4998500074997501	0.95904013599111559	0.4012972645497368
25	184672	184672	26	true	0		9750	39	0.99497627212391493	1	0.99199999999999999	0	0	0	-0	-0	-0	0.32200460317922386	0.23633669821181044	1.4998500074997501	0.84533669121372967	0.065691852970359552
26	831702	831702	29	true	0		10500	42	0.99838007959525188	1	1	0	0	0	-0	-0	-0	0.30070736446015572	0.18460607413105368	1.4998500074997501	0.76396763092798214	0.050005000250008348
27	720308	720308	89	true	0		25500	102	0.99925125341732823	1	0.99199999999999999	0	0	0	-0	-0	-0	0.44067219126783969	0.30212439393769736	1.4998500074997501	1.3053490014856324	0.89248718334637889
28	16729	16729	50	true	0		15750	63	0.99799129138961273	1	0	0	0	0	-0	-0	-0	0.3895498969754943	0.24650772942487936	1.5	0.99131292601501475	0.75416522786097606
29	387749	387749	61	true	0		18500	74	0.9998297179446034	1	1	0	0	0	-0	-0	-0	0.38510036796151986	0.27036809012495366	1.4998500074997501	1.1035465169546361	0.92705037388419698
30	215846	215846	45	true	0		14750	59	0.99983502486681519	1	1	0	0	0	-0	-0	-0	0.42456515138352308	0.2364950062630129	1.4998500074997501	1.0346636052531772	0.8570607934579596
31	312561	312561	45	true	0		14750	59	0.99793025753543207	1	1	0	0	0	-0	-0	-0	0.36508013643784515	0.32419136046553038	1.4998500074997501	0.94588145571385818	0.84843829639576684
32	749598	749598	38	true	0		12750	51	0.99942858211731744	1	0.95999999999999996	0	0	0	-0	-0	-0	0.33400268956479562	0.18667789297775955	1.4998500074997501	0.87419388302338952	0.050005000250008348
33	631837	631837	36	true	0		12500	50	0.99626469859741429	1	0.95999999999999996	0	0	0	-0	-0	-0	0.40796196391222211	0.2629478354811034	1.4998500074997501	0.95815068753477972	0.34170848242355556
34	746550	746550	52	true	0		16250	65	0.9999257550262598	1	0.98399999999999999	0	0	0	-0	-0	-0	0.42092277920918536	0.25681296867071929	1.4998500074997501	1.0257024705831654	0.77909195863210723
35	709734	709734	46	true	0		14750	59	0.99979982650639798	1	0.96799999999999997	0	0	0	-0	-0	-0	0.34711875832388284	0.29560480500884645	1.4998500074997501	0.91555043800056157	0.54591411471237605
36	181983	181983	36	true	0		12500	50	0.99781931110723809	1	0.97599999999999998	0	0	0	-0	-0	-0	0.37952889680928437	0.23543964666085465	1.4998500074997501	0.85152836549421707	0.57157639793602844
37	279125	279125	48	true	0		15250	61	0.99838416786112705	1	1	0	0	0	-0	-0	-0	0.47590554797971168	0.23823110391614402	1.4998500074997501	1.0440779206910225	0.84966705318007796
38	965652	965652	30	true	0		10750	43	0.99714609094056672	1	0.97599999999999998	0	0	0	-0	-0	-0	0.37415099988840839	0.31123995136984001	1.5	1.0412775215469214	0.46664882680649494
39	419030	419030	34	true	0		11750	47	0.99880880668201022	1	1	0	0	0	-0	-0	-0	0.45464971500158163	0.23731457468552852	1.4998500074997501	0.92862566294506821	0.050005000250008348
40	888571	888571	28	true	0		10250	41	0.99978005022620076	1	0.98399999999999999	0	0	0	-0	-0	-0	0.30872266606577542	0.19652532412359128	1.4998500074997501	0.81833875420954483	0.050005000250008348
