=== TRACE BENCHMARK RESULTS ===
N_shots = 50
n_init = 12
n_iter = 160
num_sims = 40
workers = 2
threshold = 0.98
require_surrogate_confidence = true
stopping_rule = surrogate_then_noisy
score_mode = odd_penalty
confidence_z = 1.0
restart_on_stagnation = true
restart_failure_window = 8
restart_min_active_iter = 16
restart_min_delta = 0.01
restart_disable_lcb = 0.8
restart_max_restarts = 5
restart_seed_policy = reset_local_bo_rng_and_worker_global_rng
kappa = 1.9
path_guard = false
path_guard_init_design = latin_hypercube
path_guard_init_center_exclusion = 0.0
path_guard_init_sobol_skip_max = 2048
decision_q_max = 1.0
path_guard_trust_start_q = 0.7
path_guard_strong_trust_q = 0.9
path_guard_global_scout_period = 7
path_guard_global_scout_frac = 0.15
center_jitter_u_max = 0.0
bound_scale = 1.0
freq_span_mode = raw_khz
freq_span_raw_kHz = 10.0
freq_span_2pi_kHz = 1.5915494309189535
fixed_init_seed = 0
M_acq = 5000
M_rec = 20000
elapsed_seconds = 4938.392659902573

=== RESULTS SUMMARY ===
Early stops = 38 / 40
Average Q_det = 0.9611691166719668 +/- 0.14295347157731234
Median Q_det = 0.9893933979922811
Min Q_det = 0.09360336460471383
Max Q_det = 0.999779277493993
Average log10(1-Q_det) = -2.0173872760093268 +/- 0.6100777838876833
Average iterations = 77.625 +/- 44.075510672318266
Average total shots = 4557.5
Total restarts = 36
Average restarts = 0.9 +/- 1.0813097471264972

=== All Results ===
Sim	Seed	InitialSeed	Iterations	StoppedEarly	Restarts	RestartSeeds	TotalShots	NTrain	Q_det	Q_rec	Q_last	center_jitter_u1	center_jitter_u2	center_jitter_u3	true_opt_u1	true_opt_u2	true_opt_u3	ell1	ell2	ell3	sigma_f	c
1	714078	714078	121	true	1	2136508616	6800	96	0.99568480696648087	1	0.95999999999999996	0	0	0	-0	-0	-0	0.52709813757847612	0.330036362980548	1.4998500074997501	1.0483985114146792	1.0104150175007307
2	849665	849665	125	true	2	1384789117;2078371907	7050	65	0.99919588262761649	1	1	0	0	0	-0	-0	-0	0.40031706132573408	0.25183574067318698	1.4998500074997501	1.0186318738113502	0.98209625203687168
3	670733	670733	26	true	0		1950	39	0.94938801975383802	1	0.79999999999999993	0	0	0	-0	-0	-0	0.074336941975340701	0.12733933997773661	0.45030092269765681	0.95265949510734504	0.050005000250008348
4	400294	400294	27	true	0		2200	44	0.96993456023579827	1	0.95999999999999996	0	0	0	-0	-0	-0	0.36778051847356924	0.17453891929845231	1.4998500074997501	0.80844164144855035	0.16237697943513546
5	909858	909858	77	true	1	1758539552	4500	54	0.99013044048282073	1	0.87999999999999989	0	0	0	-0	-0	-0	0.28823531359889099	0.14848240341337585	1.4998500074997501	0.85800970578124991	0.51514487002057274
6	473966	473966	118	true	2	296161548;1164777850	6550	40	0.97676344525432013	1	0.87999999999999989	0	0	0	-0	-0	-0	0.27910506215197461	0.1645523928785094	1.4998500074997501	0.95059583903015166	0.37179361177558012
7	981559	981559	156	true	3	1865319689;473453233;243354793	8450	45	0.99473484282845115	1	1	0	0	0	-0	-0	-0	0.253519439128292	0.1582973523240184	1.5	0.7003723627677636	0.72515672239655693
8	318670	318670	40	true	0		2650	53	0.99783053765549945	1	0.95999999999999996	0	0	0	-0	-0	-0	0.26965342292179761	0.17231372755375896	1.5	0.95141123331527511	0.52499833605371493
9	225142	225142	36	true	0		2450	49	0.9890465570972311	1	0.79999999999999993	0	0	0	-0	-0	-0	0.37264082231006451	0.24888769100847077	1.4998500074997501	0.98163040498812104	0.75258982657643425
10	359405	359405	53	true	0		3350	67	0.98608092811788739	1	0.95999999999999996	0	0	0	-0	-0	-0	0.29489479511361527	0.18628519745744343	1.4998500074997501	0.84510665060426859	0.84150096087742998
11	250215	250215	96	true	1	1409577509	5450	66	0.99686356608744431	1	1	0	0	0	-0	-0	-0	0.43499137981424973	0.21777260769318885	1.4998500074997501	0.89394799353222731	1.0246240391037877
12	558664	558664	50	true	1	2111977946	3150	27	0.98793797978529729	1	0.35999999999999999	0	0	0	-0	-0	-0	0.35058739962766433	1.4998500074997501	0.19787332936407565	0.86146637012916549	0.081086343589151108
13	438880	438880	70	true	0		4200	84	0.9961995541027272	1	1	0	0	0	-0	-0	-0	0.4145488548386525	0.21383247723444759	1.5	1.0033177463429168	0.86641936226312222
14	5937	5937	46	true	0		3000	60	0.99675952130058176	1	1	0	0	0	-0	-0	-0	0.33673293086646583	0.23658723353587552	1.4998500074997501	0.65841068416296444	0.84632805002769429
15	615903	615903	52	true	1	702718897	3250	29	0.98143571884920366	1	0	0	0	0	-0	-0	-0	0.16486841804592639	0.1691598103740822	1.5	0.88670723398782614	0.050000000000000121
16	150574	150574	75	true	1	2127560515	4400	48	0.99466682970719167	1	1	0	0	0	-0	-0	-0	0.58327128654172877	0.16880588901677376	1.4998500074997501	0.74260854149907785	0.9416056089234035
17	963284	963284	30	true	0		2150	43	0.98915511501932896	1	0.91999999999999993	0	0	0	-0	-0	-0	0.48622975555677339	0.22153821426022252	1.5	0.85692043681512231	0.67751648147396215
18	473867	473867	28	true	0		2050	41	0.98657376126207552	1	0.59999999999999998	0	0	0	-0	-0	-0	0.19409683109887554	0.13330303090872508	1.4998500074997501	0.77545276001867836	0.050005000250008348
19	150918	150918	158	true	2	1590819581;135584189	8600	86	0.99516450058209427	1	0.87999999999999989	0	0	0	-0	-0	-0	0.49473240549784281	0.26608886475914267	1.4998500074997501	1.0463246540792288	0.91633983115360573
20	955377	955377	34	true	0		2350	47	0.99326229232724583	1	0.95999999999999996	0	0	0	-0	-0	-0	0.34799187404927917	0.14770854203714692	1.4998500074997501	0.86519218598493253	1.0385623295533561
21	902578	902578	50	true	1	1669694647	3150	23	0.84784525220311824	1	0.60000000000000009	0	0	0	-0	-0	-0	0.11578473929234931	1.4998500074997501	0.16730206835782652	0.80797157220261062	0.050005000250008348
22	61646	61646	19	true	0		1600	32	0.98647904173926038	1	0	0	0	0	-0	-0	-0	0.212344256493888	0.17868461810017375	1.4998500074997501	0.77290682394817967	0.050005000250008348
23	197255	197255	76	true	1	812775564	4450	51	0.98431687699059767	1	0.24000000000000002	0	0	0	-0	-0	-0	0.32323359318722972	0.1615017842359491	1.4998500074997501	0.86434240444126731	1.0408842149492317
24	462583	462583	160	false	3	625066545;417836353;623006157	8650	41	0.9490542385496411	0.91999999999999993	1	0	0	0	-0	-0	-0	0.27796496648130936	0.11296731018927465	1.5	0.72954126299377986	0.29646962033357521
25	184672	184672	157	true	3	103956751;260485346;1153981241	8500	48	0.96124742044664546	1	0	0	0	0	-0	-0	-0	0.1201415481868313	0.14914366411173843	1.4998500074997501	0.8687279048269313	0.050005000250008348
26	831702	831702	120	true	2	1763134274;278501419	6650	52	0.99445942621080097	1	1	0	0	0	-0	-0	-0	0.3345608418306435	0.14619843661404258	1.4998500074997501	0.81313349969868554	0.80984538304673681
27	720308	720308	74	true	0		4400	88	0.99683482373981247	1	0.91999999999999993	0	0	0	-0	-0	-0	0.41952367657646794	0.26339605861756071	1.4998500074997501	0.94345141263316046	0.95041201059236913
28	16729	16729	36	true	0		2450	49	0.99650608151643361	1	0	0	0	0	-0	-0	-0	0.40479557704171243	0.17051199102005982	1.4998500074997501	0.92888427702137588	1.1538737860324235
29	387749	387749	111	true	1	387398539	6200	58	0.99595045368713808	1	0	0	0	0	-0	-0	-0	0.31238610357563784	0.18968387678965418	1.4998500074997501	0.80892720021711761	0.59792854423895703
30	215846	215846	43	true	0		2800	56	0.98241882451724827	1	0.91999999999999993	0	0	0	-0	-0	-0	0.44785034086034231	0.14900761004674917	1.4998500074997501	0.87122456384751823	0.31837296747200511
31	312561	312561	160	false	4	1487441212;81586884;266899780;339371902	8650	16	0.093603364604713829	0	0	0	0	0	-0	-0	-0	0.050000000000000031	1.5	0.050000000000000031	0.30000000000000004	0.15547141840941339
32	749598	749598	94	true	1	1451120867	5350	63	0.9980219961976281	1	0.91999999999999993	0	0	0	-0	-0	-0	0.28565793743340362	0.23602281824972793	1.4998500074997501	0.91469485711911558	0.99143021932634556
33	631837	631837	94	true	2	500581952;1432108235	5350	34	0.99977927749399298	1	0	0	0	0	-0	-0	-0	0.39279538640761164	0.17980018484138505	1.5	0.89808499241985495	0.2933288842874674
34	746550	746550	114	true	0		6400	128	0.99702127019874254	1	0.95999999999999996	0	0	0	-0	-0	-0	0.52754172640672281	0.37879959541753305	1.4998500074997501	1.2760770669489125	0.95249113055860035
35	709734	709734	44	true	0		2850	57	0.98512631707718523	1	0.91999999999999993	0	0	0	-0	-0	-0	0.30069425670722294	0.18394036790999999	1.4998500074997501	0.90093403269334016	0.74780120254214177
36	181983	181983	129	true	2	1477261968;2123030606	7150	57	0.98019588339774011	1	1	0	0	0	-0	-0	-0	0.4478703904387773	0.19226036558056411	1.4998500074997501	0.91618457470728676	0.93970273634154311
37	279125	279125	65	true	0		3950	79	0.98719648933845305	1	0	0	0	0	-0	-0	-0	0.26873543205326467	0.20001465384982026	1.4998500074997501	0.82120748013362266	0.96863453350914375
38	965652	965652	50	true	0		3150	63	0.98963168096523313	1	1	0	0	0	-0	-0	-0	0.4307149625282482	0.16941268429161493	1.5	0.91524373497421696	0.77211959180168055
39	419030	419030	60	true	1	1544286176	3800	40	0.96365138875553946	1	0	0	0	0	-0	-0	-0	0.28803004850010527	0.1391361675958418	1.4998500074997501	0.85558878389582149	0.050005000250008348
40	888571	888571	31	true	0		2250	45	0.99061569920561843	1	0	0	0	0	-0	-0	-0	0.29835711636092227	0.2675661588878544	0.450297352708948	0.94810348207130823	0.40320356381456723
