=== TRACE BENCHMARK RESULTS ===
N_shots = 1000
n_init = 12
n_iter = 160
num_sims = 40
workers = 4
threshold = 0.999
require_surrogate_confidence = true
stopping_rule = surrogate_then_noisy
score_mode = odd_penalty
confidence_z = 1.0
restart_on_stagnation = true
restart_failure_window = 8
restart_min_active_iter = 16
restart_min_delta = 0.01
restart_disable_lcb = 0.8
restart_max_restarts = 5
restart_seed_policy = reset_local_bo_rng_and_worker_global_rng
kappa = 1.9
path_guard = false
path_guard_init_design = latin_hypercube
path_guard_init_center_exclusion = 0.0
path_guard_init_sobol_skip_max = 2048
decision_q_max = 1.0
path_guard_trust_start_q = 0.7
path_guard_strong_trust_q = 0.9
path_guard_global_scout_period = 7
path_guard_global_scout_frac = 0.15
center_jitter_u_max = 0.0
bound_scale = 0.5
fixed_init_seed = 0
M_acq = 5000
M_rec = 20000
elapsed_seconds = 6846.190320014954

=== RESULTS SUMMARY ===
Early stops = 10 / 40
Average Q_det = 0.9994004938760088 +/- 0.000607714838643394
Median Q_det = 0.9996354407862131
Min Q_det = 0.9971746006735444
Max Q_det = 0.9999809547018874
Average log10(1-Q_det) = -3.429431110572808 +/- 0.4637691290290915
Average iterations = 146.5 +/- 30.68784107335656
Average total shots = 159625.0
Total restarts = 5
Average restarts = 0.125 +/- 0.3349320635285418

=== All Results ===
Sim	Seed	InitialSeed	Iterations	StoppedEarly	Restarts	RestartSeeds	TotalShots	NTrain	Q_det	Q_rec	Q_last	center_jitter_u1	center_jitter_u2	center_jitter_u3	true_opt_u1	true_opt_u2	true_opt_u3	ell1	ell2	ell3	sigma_f	c
1	53119	53119	160	false	0		173000	172	0.99980440644425739	1	0.996	0	0	0	-0	-0	-0	0.41857553858746877	0.28861734776139819	1.5	1.4168790090266643	0.86019136928588125
2	150146	150146	119	true	0		132000	132	0.9993385921522111	1	1	0	0	0	-0	-0	-0	0.44143232013251527	0.24378240770431586	1.4998500074997501	1.4042819568360354	0.69023149051950183
3	17248	17248	160	false	0		173000	172	0.99974330368541908	1	0.98799999999999999	0	0	0	-0	-0	-0	0.43359571142520176	0.23546346965676535	1.5	1.4913293098432563	0.78256194008291358
4	175324	175324	160	false	0		173000	172	0.99986026879689882	1	0.98799999999999999	0	0	0	-0	-0	-0	0.41237207146545912	0.2718245746588443	1.5	1.6195975603739976	0.96096535517293968
5	277689	277689	160	false	0		173000	172	0.99970773053539808	1	0.998	0	0	0	-0	-0	-0	0.42446814594908405	0.23422626129329932	1.5	1.2318816649996949	0.85208286298361069
6	850678	850678	160	false	1	2080336534	173000	118	0.99977055538772042	1	0.99399999999999999	0	0	0	-0	-0	-0	0.43279402730562644	0.24026242848159982	1.5	1.3243438174149698	0.89970674860782152
7	848061	848061	148	true	0		162000	162	0.99975903969061042	1	0.98399999999999999	0	0	0	-0	-0	-0	0.39977024978955267	0.25230006191023086	1.4998500074997501	1.1284972981093899	0.8759156011374839
8	608768	608768	160	false	0		173000	172	0.99902415209435347	1	0.97799999999999998	0	0	0	-0	-0	-0	0.36810865339753307	0.2438339474600825	1.5	1.1553477769128493	0.90441785015661669
9	114546	114546	132	true	0		145000	145	0.99979603082766066	1	1	0	0	0	-0	-0	-0	0.39958725257233596	0.26532817985211016	1.4998500074997501	1.3054575907126609	0.83931854797851324
10	260179	260179	160	false	0		173000	172	0.99990042235954679	1	0.99399999999999999	0	0	0	-0	-0	-0	0.41591455066876859	0.22499557586850924	1.5	1.3406929582050258	0.92283380405202975
11	555686	555686	134	true	0		147000	147	0.99976422766648188	1	0.98599999999999999	0	0	0	-0	-0	-0	0.35055125581527913	0.24399119204629593	1.4998500074997501	1.2268335878150882	0.91917031980749508
12	826531	826531	160	false	0		173000	172	0.99981436940719304	1	0.998	0	0	0	-0	-0	-0	0.40593270583629876	0.20770371006959626	1.5	1.0590462282890336	0.86418694166558696
13	487835	487835	160	false	0		174000	173	0.99987099515248234	1	0.996	0	0	0	-0	-0	-0	0.4324505206879784	0.25295324623940757	1.5	1.2831900306907296	0.7937162944235574
14	618633	618633	68	true	0		81000	81	0.99976241180724923	1	0.998	0	0	0	-0	-0	-0	0.34635946056206096	0.21653348743158474	1.4998500074997501	0.87399553718423983	0.80247768675605669
15	799688	799688	151	true	0		164000	164	0.99881700855910716	1	0.98799999999999999	0	0	0	-0	-0	-0	0.40201295819444588	0.23506053670313456	1.4998500074997501	1.4851597045873624	0.94968361632769116
16	917017	917017	160	false	1	1530280894	173000	132	0.99960081054214356	1	0.998	0	0	0	-0	-0	-0	0.37626290161760084	0.21524468068391911	1.5	1.1923497551512601	0.82891450044476644
17	568190	568190	160	false	0		173000	172	0.99959304406628802	1	0.996	0	0	0	-0	-0	-0	0.44397779196338971	0.25765924707319326	1.5	1.4651178264288558	0.80988227327883577
18	994296	994296	160	false	0		173000	172	0.99998095470188741	1	0.99199999999999999	0	0	0	-0	-0	-0	0.42905833663885523	0.23900281752189242	1.5	1.1881300777453749	0.87877747112237825
19	628116	628116	160	false	0		173000	172	0.99813363234648422	0.998	0.98399999999999999	0	0	0	-0	-0	-0	0.42050823969953727	0.24641297686704378	1.5	1.3445359479179835	0.82531266260705505
20	153452	153452	160	false	0		173000	172	0.99881923808470141	0.996	0.996	0	0	0	-0	-0	-0	0.36236996532140997	0.25043638914611843	1.5	1.1155172426829818	0.89763691187206707
21	604886	604886	160	false	0		173000	172	0.99977862935948714	1	0.99399999999999999	0	0	0	-0	-0	-0	0.36772191681838756	0.24981131863528405	1.5	1.1538836987436016	0.92066615203241908
22	451042	451042	160	false	0		174000	173	0.99832384323397194	0.99399999999999999	0.97599999999999998	0	0	0	-0	-0	-0	0.33689928824400467	0.25033746589268546	1.5	1.3518430408480926	0.79301318100885598
23	397869	397869	160	false	0		173000	172	0.99897651865529813	0.996	0.998	0	0	0	-0	-0	-0	0.44001961904738479	0.21448560391003585	1.5	1.2934101064152694	0.93885978241509971
24	930673	930673	160	false	1	673845256	173000	134	0.99950734442221256	1	0.97999999999999998	0	0	0	-0	-0	-0	0.35560723251836401	0.20660276896977156	1.5	0.96530719772726725	0.63929422644041745
25	108078	108078	160	false	0		174000	173	0.999072454159596	0.998	0.98799999999999999	0	0	0	-0	-0	-0	0.38038131396627672	0.27332926886978115	1.5	1.3713826635075512	0.98979538573731563
26	486922	486922	160	false	0		173000	172	0.99882546204846567	0.996	0.98799999999999999	0	0	0	-0	-0	-0	0.41944801497425754	0.24037454670860162	1.5	1.3416611379456269	0.85999224227986515
27	570527	570527	160	false	0		173000	172	0.99717460067354435	0.996	0.97999999999999998	0	0	0	-0	-0	-0	0.39134866911907445	0.25884789236015121	1.5	1.0264970244300462	0.95472389672232039
28	798859	798859	160	false	0		173000	172	0.99901890059511245	0.998	0.99399999999999999	0	0	0	-0	-0	-0	0.42518449572048911	0.23137401869152352	1.5	1.4614779987203057	0.96502221291600765
29	897261	897261	67	true	0		80000	80	0.99959114586635112	1	0.99399999999999999	0	0	0	-0	-0	-0	0.29956983950964455	0.21361533682575756	1.4998500074997501	0.69896535336643517	0.050005000250008348
30	711342	711342	160	false	0		173000	172	0.99980269056852511	0.998	0.99399999999999999	0	0	0	-0	-0	-0	0.38587398161490788	0.25224235508742271	1.5	1.3520727850807055	0.86461152591746759
31	213144	213144	160	false	0		173000	172	0.99983184394108637	1	1	0	0	0	-0	-0	-0	0.45101962028880865	0.26819921328065877	1.5	1.3047483706351157	0.91332191631800941
32	367969	367969	160	false	0		174000	173	0.99950838649930251	1	0.998	0	0	0	-0	-0	-0	0.36717186920747574	0.25370419451190868	1.5	1.2558260506204337	0.85620730989762006
33	845006	845006	160	false	1	1656354899	173000	115	0.99967007103028283	1	0.998	0	0	0	-0	-0	-0	0.41979380885397416	0.26161580268909757	1.5	1.1737421059801636	0.94856384660203263
34	251894	251894	160	false	1	1202782204	173000	131	0.99817350471224187	0.998	0.98999999999999999	0	0	0	-0	-0	-0	0.41184207955436836	0.21924144328770637	1.5	1.1606935619365326	0.75159790314412922
35	808899	808899	37	true	0		50000	50	0.99943360264913628	1	0.94799999999999995	0	0	0	-0	-0	-0	0.43089173144637899	0.17055407287100732	1.4998500074997501	0.91647564876371002	0.050005000250008348
36	660852	660852	73	true	0		86000	86	0.99946699187646326	1	1	0	0	0	-0	-0	-0	0.34308174228377847	0.21762758427561302	1.4998500074997501	1.0589004265745618	0.46938349561867859
37	227742	227742	160	false	0		173000	172	0.99944901275492803	1	0.98599999999999999	0	0	0	-0	-0	-0	0.37169648671972749	0.26315202508946539	1.5	1.3849800667166976	0.84416711176195847
38	758307	758307	160	false	0		173000	172	0.99997537219615007	1	0.998	0	0	0	-0	-0	-0	0.46455017080780014	0.22808931821314057	1.5	1.6127884000087711	0.79833107397036152
39	888534	888534	160	false	0		173000	172	0.99979440348567328	1	0.98999999999999999	0	0	0	-0	-0	-0	0.36175126489139781	0.25121073183202736	1.5	1.3562000884783032	0.95566707711339804
40	445649	445649	131	true	0		144000	144	0.99978378200444218	1	0.99399999999999999	0	0	0	-0	-0	-0	0.42215071433801393	0.2218002540401223	1.4998500074997501	1.2721682129409404	0.66015084374822519
