=== TRACE BENCHMARK RESULTS ===
N_shots = 500
n_init = 12
n_iter = 160
num_sims = 40
workers = 4
threshold = 0.998
require_surrogate_confidence = true
stopping_rule = surrogate_then_noisy
score_mode = odd_penalty
confidence_z = 1.0
restart_on_stagnation = true
restart_failure_window = 8
restart_min_active_iter = 16
restart_min_delta = 0.01
restart_disable_lcb = 0.8
restart_max_restarts = 5
restart_seed_policy = reset_local_bo_rng_and_worker_global_rng
kappa = 1.9
path_guard = false
path_guard_init_design = latin_hypercube
path_guard_init_center_exclusion = 0.0
path_guard_init_sobol_skip_max = 2048
decision_q_max = 1.0
path_guard_trust_start_q = 0.7
path_guard_strong_trust_q = 0.9
path_guard_global_scout_period = 7
path_guard_global_scout_frac = 0.15
center_jitter_u_max = 0.0
bound_scale = 0.5
fixed_init_seed = 0
M_acq = 5000
M_rec = 20000
elapsed_seconds = 4467.118386030197

=== RESULTS SUMMARY ===
Early stops = 37 / 40
Average Q_det = 0.9989989931620051 +/- 0.000809121789477394
Median Q_det = 0.9991996834580872
Min Q_det = 0.9956541620943418
Max Q_det = 0.999958226093544
Average log10(1-Q_det) = -3.1309734036402994 +/- 0.3701665118400609
Average iterations = 100.025 +/- 35.4266939048176
Average total shots = 56650.0
Total restarts = 5
Average restarts = 0.125 +/- 0.3349320635285418

=== All Results ===
Sim	Seed	InitialSeed	Iterations	StoppedEarly	Restarts	RestartSeeds	TotalShots	NTrain	Q_det	Q_rec	Q_last	center_jitter_u1	center_jitter_u2	center_jitter_u3	true_opt_u1	true_opt_u2	true_opt_u3	ell1	ell2	ell3	sigma_f	c
1	53119	53119	82	true	0		48000	96	0.99789335944007429	1	1	0	0	0	-0	-0	-0	0.3416956098112871	0.23142276450806706	1.4998500074997501	1.0888933410145403	0.54973775835681749
2	150146	150146	106	true	0		59500	119	0.99878649639594974	1	0.99199999999999999	0	0	0	-0	-0	-0	0.35936594343443623	0.21657435003060674	1.4998500074997501	1.185618872231335	0.80909535663753429
3	17248	17248	59	true	0		36500	73	0.99976791278556532	1	0.996	0	0	0	-0	-0	-0	0.39889158294258481	0.21090381058994415	1.4998500074997501	1.0554719074275687	0.95695143793623494
4	175324	175324	99	true	0		56000	112	0.99957484857512713	1	0.97199999999999998	0	0	0	-0	-0	-0	0.38592092862727179	0.22667831482920728	1.4998500074997501	1.3810197043848347	0.92088475758772959
5	277689	277689	49	true	0		31000	62	0.99954971515558855	1	0.996	0	0	0	-0	-0	-0	0.3474231420039457	0.21550209192854533	1.4998500074997501	0.84069391373414692	0.44584042747686026
6	850678	850678	83	true	0		48000	96	0.99891668149347268	1	1	0	0	0	-0	-0	-0	0.38879164323925236	0.20695145967991771	1.4998500074997501	1.0782884778684421	0.85304997477023659
7	848061	848061	100	true	0		57500	115	0.9991854350263033	1	0.996	0	0	0	-0	-0	-0	0.3583307471254657	0.28325177333530704	1.5	0.97538418972929974	0.90378393990540307
8	608768	608768	117	true	0		65000	130	0.99932292498286301	1	0.996	0	0	0	-0	-0	-0	0.35210757494626316	0.22697976677326231	1.4998500074997501	1.1724664660942963	0.78375699397925758
9	114546	114546	36	true	0		24500	49	0.99979440323891133	1	0.97599999999999998	0	0	0	-0	-0	-0	0.38319693502213381	0.19714821265232702	1.4998500074997501	0.95318792147112019	0.050005000250008348
10	260179	260179	139	true	0		76000	152	0.99931417639527043	1	0.98799999999999999	0	0	0	-0	-0	-0	0.40254014590552994	0.23198555357170181	1.4998500074997501	1.3174330045826375	0.90094393470971179
11	555686	555686	83	true	0		48000	96	0.99930224864368711	1	0.99199999999999999	0	0	0	-0	-0	-0	0.40572201167393512	0.19487349401945525	1.4998500074997501	1.1015918689700173	0.73390201729067683
12	826531	826531	99	true	0		56500	113	0.99911130679036497	1	0.98799999999999999	0	0	0	-0	-0	-0	0.37726666971130624	0.18763249301426427	1.4998500074997501	0.86852646617459262	0.55660286099459344
13	487835	487835	160	false	1	975428593	86500	136	0.99969847945724144	1	0.996	0	0	0	-0	-0	-0	0.40422995469535522	0.24219540028784126	1.5	1.4082435660410124	0.78092043053459825
14	618633	618633	78	true	0		45500	91	0.99969515237413731	1	0.996	0	0	0	-0	-0	-0	0.37507775744709154	0.22842737039015101	1.4998500074997501	1.0770223785489086	0.87984298431345531
15	799688	799688	131	true	0		72000	144	0.99917636751556393	1	0.98799999999999999	0	0	0	-0	-0	-0	0.43011897569274776	0.24767615859423536	1.4998500074997501	1.4915427644125359	0.98422892948267759
16	917017	917017	129	true	1	28229050	71000	92	0.99819346506264506	1	0.91999999999999993	0	0	0	-0	-0	-0	0.41216164042931108	0.22031013253563111	1.4998500074997501	1.071996063998782	0.61521118090471694
17	568190	568190	160	false	0		86500	172	0.9995522230928553	1	0.99199999999999999	0	0	0	-0	-0	-0	0.38115696173311292	0.23788329740944361	1.5	1.3804621457355564	0.88362719505127463
18	994296	994296	61	true	0		37500	75	0.99820187904993962	1	0.98799999999999999	0	0	0	-0	-0	-0	0.35608157948611918	0.23249278260140407	1.4998500074997501	0.85463309883072536	0.56722237494394723
19	628116	628116	103	true	0		58500	117	0.99827990840930636	1	0.99199999999999999	0	0	0	-0	-0	-0	0.35812024644287271	0.23604852592991937	1.4998500074997501	1.1467365248158328	0.69916845426830965
20	153452	153452	81	true	0		47000	94	0.99929750012750085	1	0.996	0	0	0	-0	-0	-0	0.34182786476927141	0.20551869096294575	1.4998500074997501	0.89709701041910195	0.65527787018376094
21	604886	604886	125	true	0		69000	138	0.99947250598683113	1	0.99199999999999999	0	0	0	-0	-0	-0	0.37327408682880009	0.21776357554785788	1.4998500074997501	1.2543493669589263	0.76761360719795768
22	451042	451042	88	true	0		50500	101	0.99947129411329549	1	0.95999999999999996	0	0	0	-0	-0	-0	0.36672330497162131	0.22808645735649258	1.4998500074997501	1.1706040720118547	0.74782420929743232
23	397869	397869	94	true	0		53500	107	0.99967304985671623	1	0.98399999999999999	0	0	0	-0	-0	-0	0.36689132656990647	0.21118102574823391	1.4998500074997501	1.1256312055820097	0.85515712194361937
24	930673	930673	82	true	1	1646541828	47500	49	0.99903103253905146	1	0	0	0	0	-0	-0	-0	0.40066285444160865	0.21884790681999414	1.5	0.96863465215337685	0.66589637864511764
25	108078	108078	65	true	0		39000	78	0.99777212891926326	1	0.97599999999999998	0	0	0	-0	-0	-0	0.35910384889170088	0.25780240906460083	1.4998500074997501	1.0817919683155395	0.56965530527271524
26	486922	486922	93	true	0		53000	106	0.99969236990828092	1	1	0	0	0	-0	-0	-0	0.34959965119822206	0.23647207769881093	1.4998500074997501	0.8978273643668917	0.85389638398555334
27	570527	570527	160	false	1	1615991564	86500	132	0.99904740838883088	0.996	0.98399999999999999	0	0	0	-0	-0	-0	0.39740174649041315	0.23444472103171979	1.5	1.1530267892640984	0.89172610252444895
28	798859	798859	153	true	0		83000	166	0.99819892960543999	1	1	0	0	0	-0	-0	-0	0.47487205902131924	0.20249131485361424	1.4998500074997501	1.3183696267331968	0.91084996530556661
29	897261	897261	43	true	0		28000	56	0.99893824258173292	1	0.98799999999999999	0	0	0	-0	-0	-0	0.29265231529065489	0.16806683552363347	1.4998500074997501	0.7083423360822938	0.63025741766588539
30	711342	711342	108	true	0		60500	121	0.99995822609354401	1	0.98799999999999999	0	0	0	-0	-0	-0	0.35336762191169246	0.25006352379477442	1.4998500074997501	1.3353470987127649	0.91428461145521867
31	213144	213144	83	true	0		48500	97	0.99773027428422889	1	0.996	0	0	0	-0	-0	-0	0.34306443473499609	0.22059257948379785	1.4998500074997501	1.0444531110547446	0.61696375661048974
32	367969	367969	112	true	0		62500	125	0.99916038436775068	1	1	0	0	0	-0	-0	-0	0.39943192272688877	0.260734808572119	1.4998500074997501	1.2175211868412821	0.8504359623877924
33	845006	845006	113	true	0		63500	127	0.9983386265408043	1	0.97199999999999998	0	0	0	-0	-0	-0	0.37808626316359523	0.21246838280663441	1.4998500074997501	0.88240347892346627	0.79253480640881169
34	251894	251894	152	true	1	1496083822	82500	125	0.9997408270917405	1	1	0	0	0	-0	-0	-0	0.36864214810614099	0.25166511283087628	1.5	1.4123523680354997	0.82941635030137495
35	808899	808899	28	true	0		20500	41	0.99947799276579363	1	0.91199999999999992	0	0	0	-0	-0	-0	0.35478622650042713	0.19663557538841317	1.4998500074997501	0.81858799743735366	0.050005000250008348
36	660852	660852	115	true	0		64000	128	0.99921393188987118	1	0.996	0	0	0	-0	-0	-0	0.400537385625786	0.22843155140386778	1.4998500074997501	1.2888350326515434	0.87891117799741802
37	227742	227742	48	true	0		30500	61	0.99565416209434177	1	0.97999999999999998	0	0	0	-0	-0	-0	0.2808677647672515	0.21724027593396211	1.4998500074997501	0.86456543206486003	0.050005000250008348
38	758307	758307	144	true	0		78500	157	0.99931153646204229	1	0.98799999999999999	0	0	0	-0	-0	-0	0.4781889470201886	0.23323123601619003	1.4998500074997501	1.6255776267183648	0.77135952140258723
39	888534	888534	111	true	0		62500	125	0.99854131358069453	1	0.96399999999999997	0	0	0	-0	-0	-0	0.3661002029541881	0.23877624289688226	1.4998500074997501	1.2142300181073524	0.79890100897137251
40	445649	445649	129	true	0		71500	143	0.99892100539758755	1	0.97199999999999998	0	0	0	-0	-0	-0	0.39395144424457806	0.20726581332625321	1.4998500074997501	1.2572646760942685	0.9072240651979212
