=== TRACE BENCHMARK RESULTS ===
N_shots = 250
n_init = 12
n_iter = 160
num_sims = 40
workers = 2
threshold = 0.996
require_surrogate_confidence = true
stopping_rule = surrogate_then_noisy
score_mode = odd_penalty
confidence_z = 1.0
restart_on_stagnation = true
restart_failure_window = 8
restart_min_active_iter = 16
restart_min_delta = 0.01
restart_disable_lcb = 0.8
restart_max_restarts = 5
restart_seed_policy = reset_local_bo_rng_and_worker_global_rng
kappa = 1.9
path_guard = false
path_guard_init_design = latin_hypercube
path_guard_init_center_exclusion = 0.0
path_guard_init_sobol_skip_max = 2048
decision_q_max = 1.0
path_guard_trust_start_q = 0.7
path_guard_strong_trust_q = 0.9
path_guard_global_scout_period = 7
path_guard_global_scout_frac = 0.15
center_jitter_u_max = 0.0
bound_scale = 1.0
freq_span_mode = raw_khz
freq_span_raw_kHz = 10.0
freq_span_2pi_kHz = 1.5915494309189535
fixed_init_seed = 0
M_acq = 5000
M_rec = 20000
elapsed_seconds = 8687.573859930038

=== RESULTS SUMMARY ===
Early stops = 26 / 40
Average Q_det = 0.998654213548611 +/- 0.0016477928750033024
Median Q_det = 0.9989637378430296
Min Q_det = 0.9898451413005809
Max Q_det = 0.9999911949402481
Average log10(1-Q_det) = -3.1338728044378072 +/- 0.5867079097732616
Average iterations = 128.125 +/- 33.26751514770173
Average total shots = 35325.0
Total restarts = 21
Average restarts = 0.525 +/- 0.8469401940560458

=== All Results ===
Sim	Seed	InitialSeed	Iterations	StoppedEarly	Restarts	RestartSeeds	TotalShots	NTrain	Q_det	Q_rec	Q_last	center_jitter_u1	center_jitter_u2	center_jitter_u3	true_opt_u1	true_opt_u2	true_opt_u3	ell1	ell2	ell3	sigma_f	c
1	714078	714078	160	false	0		43250	172	0.99991622487176757	1	0.96799999999999997	0	0	0	-0	-0	-0	0.58828087314579203	0.33802752583757134	1.5	1.2547705722524967	0.95244722591427378
2	849665	849665	151	true	2	1384789117;2078371907	41000	88	0.99963577655382796	1	0.98399999999999999	0	0	0	-0	-0	-0	0.47263252872913675	0.30215721485397634	1.4998500074997501	1.023550009021412	0.62292581275666425
3	670733	670733	62	true	0		18750	75	0.99786618725432996	1	0.97599999999999998	0	0	0	-0	-0	-0	0.44312535169834644	0.2676285332879636	1.4998500074997501	0.99434800275495072	0.4007319211033511
4	400294	400294	160	false	0		43250	172	0.99910878246137402	1	0.99199999999999999	0	0	0	-0	-0	-0	0.47475417951131899	0.34203497815965056	1.5	1.2509410130481216	0.84100338264342267
5	909858	909858	160	false	0		43500	173	0.99813836062224714	0.99199999999999999	0.91999999999999993	0	0	0	-0	-0	-0	0.48696209023784121	0.29879224351467848	1.5	1.1357940877346289	0.81792793648954198
6	473966	473966	79	true	0		23000	92	0.99819444989020967	1	1	0	0	0	-0	-0	-0	0.41233486260134772	0.23956331066467534	1.4998500074997501	0.93712354061649117	0.75747529017286097
7	981559	981559	160	false	1	835587861	43250	123	0.99990204142523709	1	0.91999999999999993	0	0	0	-0	-0	-0	0.53984196196880607	0.26893040324447859	1.5	1.2091186345407623	0.92634703878520896
8	318670	318670	113	true	0		31500	126	0.99790532849286739	1	1	0	0	0	-0	-0	-0	0.55466852448575621	0.26504396174525741	1.4998500074997501	1.1313996868440073	0.89450781636801591
9	225142	225142	91	true	0		26250	105	0.99808836140672452	1	0.97599999999999998	0	0	0	-0	-0	-0	0.5452649172410341	0.2752222461363994	1.4998500074997501	1.0885441573265988	1.1351427242498446
10	359405	359405	83	true	0		24000	96	0.99804502225919767	1	0.98399999999999999	0	0	0	-0	-0	-0	0.48814069337839522	0.25057238633518991	1.4998500074997501	0.9952673574131583	0.76243989571446424
11	250215	250215	134	true	2	1858609473;2035839148	36750	74	0.99685869046909792	1	0	0	0	0	-0	-0	-0	0.41978135217925733	0.29497569961999631	1.5	0.91670453092485216	0.73434955485940967
12	558664	558664	148	true	0		40250	161	0.99955870691302851	1	0.93599999999999994	0	0	0	-0	-0	-0	0.49477648108761046	0.32188686921778015	1.4998500074997501	1.1718363307603008	0.87386055144112762
13	438880	438880	69	true	0		20500	82	0.99840418727167046	1	1	0	0	0	-0	-0	-0	0.41479888395969428	0.21979958587231072	1.4998500074997501	1.0000861944595238	0.47203118623312262
14	5937	5937	160	false	2	1224667579;954948206	43250	95	0.98984514130058088	0.97599999999999998	0.98399999999999999	0	0	0	-0	-0	-0	0.44531903339605738	0.27599194244311026	1.5	0.98475045229889868	0.87848705190479714
15	615903	615903	109	true	1	542556908	30500	69	0.99841549014521302	1	0.99199999999999999	0	0	0	-0	-0	-0	0.43728194436536072	0.32155295638388315	1.4998500074997501	0.93023203309203017	0.64972671767307921
16	150574	150574	136	true	0		37250	149	0.99817346932021722	1	1	0	0	0	-0	-0	-0	0.4036030754912166	0.29348344372571494	1.4998500074997501	1.0370618869450354	0.83370522531064684
17	963284	963284	160	false	0		43250	172	0.99902845671051133	1	0.92799999999999994	0	0	0	-0	-0	-0	0.51180954855210326	0.3020054643393818	1.5	1.2468913585730124	0.90844178728866465
18	473867	473867	145	true	1	1826804496	39500	122	0.99862982102696463	1	1	0	0	0	-0	-0	-0	0.46970073931004103	0.32265178639923803	1.4998500074997501	1.1289917268622014	0.85022753848219956
19	150918	150918	111	true	0		31000	124	0.99891351524317784	1	0.99199999999999999	0	0	0	-0	-0	-0	0.44152327836306393	0.27382072953995251	1.4998500074997501	1.0499859615312728	0.78281960665417438
20	955377	955377	148	true	0		40500	162	0.99856044643502795	1	1	0	0	0	-0	-0	-0	0.51762721351568064	0.28354006215290489	1.4998500074997501	1.2237412365478975	0.71679829253230698
21	902578	902578	139	true	0		38000	152	0.99896743776731844	1	0.98399999999999999	0	0	0	-0	-0	-0	0.50600607601812475	0.29680168395438811	1.4998500074997501	1.1165232268377148	0.69665447640620082
22	61646	61646	97	true	0		27500	110	0.99902030308708434	1	0.95199999999999996	0	0	0	-0	-0	-0	0.49155481019273217	0.33197625881570964	1.4998500074997501	1.1073811267225213	0.87058922310753173
23	197255	197255	160	false	1	1147612530	43250	107	0.99954223506555739	1	0.99199999999999999	0	0	0	-0	-0	-0	0.44537588940080425	0.29668284756827357	1.5	1.0785398728371205	0.88143333676521995
24	462583	462583	145	true	0		39750	159	0.99896003791874088	1	0.83199999999999996	0	0	0	-0	-0	-0	0.53066244901202353	0.28990874340660172	1.4998500074997501	1.1952007679146572	0.93453794087558639
25	184672	184672	80	true	0		23250	93	0.99898600340829957	1	0.98399999999999999	0	0	0	-0	-0	-0	0.46294040842034645	0.27716041731591295	1.5	1.0256044101791599	0.91234699824376453
26	831702	831702	160	false	2	638155626;1110635202	43250	82	0.99843935724085064	1	0.97599999999999998	0	0	0	-0	-0	-0	0.43443364439669452	0.24469964469466693	1.5	0.93543050760342317	0.94275282753560352
27	720308	720308	91	true	0		26000	104	0.99949626713319695	1	1	0	0	0	-0	-0	-0	0.52529054769723837	0.25558356185259989	1.4998500074997501	1.0802103269232675	0.69489518640207126
28	16729	16729	160	false	0		43250	172	0.99973096204708178	1	0.97599999999999998	0	0	0	-0	-0	-0	0.59104391058595851	0.32885993108360678	1.5	1.2280548323969378	0.84376966212610727
29	387749	387749	160	false	3	912637902;1604349850;1822877968	43250	42	0.99973612837650305	1	0	0	0	0	-0	-0	-0	0.44091725420574379	0.22188079809244926	1.5	0.89595294329202491	0.80297913292757417
30	215846	215846	81	true	0		23500	94	0.99870567808321309	1	0	0	0	0	-0	-0	-0	0.50177376597189183	0.23125657452605769	1.4998500074997501	1.0561340715137983	0.90455206774292418
31	312561	312561	160	false	1	1722107797	43250	110	0.99852006127101645	1	0.99199999999999999	0	0	0	-0	-0	-0	0.51963096018596144	0.27592186031697946	1.5	1.1187969575974988	0.81447804225804254
32	749598	749598	160	false	1	520867750	43500	121	0.99984127806213718	1	0.97599999999999998	0	0	0	-0	-0	-0	0.45029070734129412	0.31206653096279713	1.5	1.0498124175424104	0.87110797395831674
33	631837	631837	160	false	2	1507076281;1938772538	43250	93	0.99651064177687498	1	0.95199999999999996	0	0	0	-0	-0	-0	0.44444917827989572	0.27088379973149757	1.5	1.049997769676893	0.95029589888891064
34	746550	746550	146	true	0		39750	159	0.9993428214884349	1	0.98399999999999999	0	0	0	-0	-0	-0	0.5023638114365031	0.33088128946673578	1.4998500074997501	1.1881763653955486	0.83562438124344185
35	709734	709734	128	true	0		35500	142	0.99995826857164538	1	0.98399999999999999	0	0	0	-0	-0	-0	0.47130211159942192	0.29087206448455882	1.4998500074997501	1.1562079700784653	0.69322614920408099
36	181983	181983	115	true	0		32000	128	0.99993620104320768	1	0.96799999999999997	0	0	0	-0	-0	-0	0.50310029717036009	0.25476672886282264	1.4998500074997501	1.10079135269995	1.0552044990098031
37	279125	279125	84	true	0		24250	97	0.99867336039433452	1	0.95199999999999996	0	0	0	-0	-0	-0	0.40976919227146175	0.25304133617555402	1.4998500074997501	0.91263449335213276	0.65762183442031175
38	965652	965652	74	true	0		21750	87	0.9996359835213019	1	0.96799999999999997	0	0	0	-0	-0	-0	0.5395869464943801	0.28519000494868585	1.4998500074997501	1.0666031207935189	0.90409903331589447
39	419030	419030	160	false	2	641980937;1248133860	43250	81	0.99898586067411521	1	0.93599999999999994	0	0	0	-0	-0	-0	0.39639016547966932	0.22648281857062036	1.5	0.89681247203176095	0.79045240260674621
40	888571	888571	126	true	0		35000	140	0.99999119494024813	1	0.99199999999999999	0	0	0	-0	-0	-0	0.49955829533702195	0.32468941436408544	1.4998500074997501	1.1545801844508925	0.95791419278862
