=== TRACE BENCHMARK RESULTS ===
N_shots = Inf
n_init = 12
n_iter = 100
num_sims = 100
workers = 19
threshold = 0.99
disable_stopping = true
require_surrogate_confidence = true
stopping_rule = surrogate_then_noisy
score_mode = full_l1
confidence_z = 1.0
restart_on_stagnation = false
restart_failure_window = 8
restart_min_active_iter = 16
restart_min_delta = 0.01
restart_disable_lcb = 0.85
restart_max_restarts = 5
restart_seed_policy = reset_local_bo_rng_and_worker_global_rng
kappa = 1.9
path_guard = false
path_guard_init_design = latin_hypercube
path_guard_init_center_exclusion = 0.0
path_guard_init_sobol_skip_max = 2048
decision_q_max = 1.0
path_guard_trust_start_q = 0.7
path_guard_strong_trust_q = 0.9
path_guard_global_scout_period = 7
path_guard_global_scout_frac = 0.15
center_jitter_u_max = 0.0
bound_scale = 0.5
freq_span_mode = raw_khz
freq_span_raw_kHz = 10.0
freq_span_2pi_kHz = 1.5915494309189535
fixed_init_seed = 0
gp_diag = false
gp_diag_dir = /home/patcaspu/QuantumFidelityOptimization/data/gp_diagnostics_freqspan10_bound050_NInf_lhs12_restart_fullbudget100_100seeds
gp_diag_grid_n = 101
gp_diag_snapshot_iters = 10,50,100
gp_diag_snapshot_axes = fcl,fsb,amp
gp_diag_every_iter_axes = fcl
stream_seed_outputs = false
seed_progress_csv = /home/patcaspu/QuantumFidelityOptimization/data/traces_freqspan10_bound050_NInf_lhs12_restart_fullbudget100_100seeds/seed_progress.csv
M_acq = 5000
M_rec = 20000
elapsed_seconds = 3627.4272129535675

=== RESULTS SUMMARY ===
Early stops = 0 / 100
Average Q_det = 0.999999301064196 +/- 1.5546209922867474e-6
Median Q_det = 0.9999997060581634
Min Q_det = 0.9999857523743456
Max Q_det = 0.9999998308843353
Average log10(1-Q_det) = -5.955025437225666 +/- 0.1634336085944699
Average iterations = 100.0 +/- 0.0
Average total shots = Inf
Total restarts = 0
Average restarts = 0.0 +/- 0.0
Average seed elapsed seconds = 636.9296728587151 +/- 124.65795124200913

=== All Results ===
Sim	Seed	InitialSeed	Iterations	StoppedEarly	Restarts	RestartSeeds	TotalShots	NTrain	Q_det	Q_rec	Q_last	center_jitter_u1	center_jitter_u2	center_jitter_u3	true_opt_u1	true_opt_u2	true_opt_u3	ell1	ell2	ell3	sigma_f	c	ElapsedSeconds
1	714078	714078	100	false	0		Inf	112	0.99999952929659108	0.99999952929659108	0.99856527814009743	0	0	0	-0	-0	-0	0.53423747240075548	0.33079839306775671	1.5	0.72634786050761535	0.38729588377170837	530.16739296913147
2	849665	849665	100	false	0		Inf	112	0.99999825314741775	0.99999825314741775	0.99892864248939295	0	0	0	-0	-0	-0	0.60689036971446875	0.37869958134690679	1.5	0.98739694801386046	0.38730115278270155	526.46915793418884
3	670733	670733	100	false	0		Inf	112	0.99999955208146862	0.99999955208146862	0.99762460626143556	0	0	0	-0	-0	-0	0.58957999535804895	0.35099873396539299	1.5	0.93075294150235788	0.38730387721771758	527.36213898658752
4	400294	400294	100	false	0		Inf	112	0.99999975979917266	0.99999975979917266	0.99855235770484663	0	0	0	-0	-0	-0	0.62398581740805614	0.35511223717930107	1.5	0.99924009550924631	0.38729749101819205	532.59611701965332
5	909858	909858	100	false	0		Inf	112	0.99999971656043718	0.99999971656043718	0.99948734040704912	0	0	0	-0	-0	-0	0.56115405111737593	0.3350505409295701	1.5	0.86491204907783414	0.38729903616447181	757.20863509178162
6	473966	473966	100	false	0		Inf	112	0.99999982738606807	0.99999982738606807	0.9965678326663111	0	0	0	-0	-0	-0	0.60636770132202855	0.34969897746706008	1.5	0.98331455370700838	0.38729614088792308	753.91648507118225
7	981559	981559	100	false	0		Inf	112	0.99999935094451553	0.99999935094451553	0.99730734214228922	0	0	0	-0	-0	-0	0.5890009162782176	0.33928558083307059	1.5	0.94558862064098137	0.38729789410976434	511.13433289527893
8	318670	318670	100	false	0		Inf	112	0.99999808348113939	0.99999808348113939	0.99736488461067951	0	0	0	-0	-0	-0	0.62863989376802032	0.34939761778785677	1.5	0.96468341036558491	0.38730858168503618	868.11954402923584
9	225142	225142	100	false	0		Inf	112	0.99999971313760616	0.99999971313760616	0.99802690339529687	0	0	0	-0	-0	-0	0.50062595311567448	0.30645789216839237	1.5	0.72832304892399624	0.38729827348949053	738.42382287979126
10	359405	359405	100	false	0		Inf	112	0.99999848642101774	0.99999848642101774	0.99755287507238732	0	0	0	-0	-0	-0	0.59887065987070964	0.36180722552335376	1.5	1.0347862478640129	0.39742394980236606	611.36593580245972
11	250215	250215	100	false	0		Inf	112	0.99999977649305005	0.99999977649305005	0.99841438510178493	0	0	0	-0	-0	-0	0.58095480583183046	0.35597253057137385	1.5	0.96843887745171686	0.38729442491487798	516.07800817489624
12	558664	558664	100	false	0		Inf	112	0.99999830510102516	0.99999830510102516	0.99816166772075487	0	0	0	-0	-0	-0	0.538019522865536	0.38760336538147661	1.5	0.86030047741997306	0.3872992493661081	517.65958189964294
13	438880	438880	100	false	0		Inf	112	0.99999963610222009	0.99999963610222009	0.99221460174097609	0	0	0	-0	-0	-0	0.68300971145039036	0.34370069543329268	1.5	0.98102613282757489	0.38729814133493873	511.76967787742615
14	5937	5937	100	false	0		Inf	112	0.99999909404188392	0.99999909404188392	0.99867497398798621	0	0	0	-0	-0	-0	0.60339440285326429	0.3731401148697982	1.5	1.0027972117637936	0.38730509985365497	529.00612092018127
15	615903	615903	100	false	0		Inf	112	0.99999981116286873	0.99999981116286873	0.98973218430346488	0	0	0	-0	-0	-0	0.60598947824821525	0.32306005375023339	1.5	0.95210904798442086	0.38729701415530959	755.96254801750183
16	150574	150574	100	false	0		Inf	112	0.99999958319997073	0.99999958319997073	0.99616734880897206	0	0	0	-0	-0	-0	0.61639568405358469	0.33116399605863056	1.5	0.99094436061975566	0.3872967749397988	733.98995113372803
17	963284	963284	100	false	0		Inf	112	0.99999947982798409	0.99999947982798409	0.99890553667640669	0	0	0	-0	-0	-0	0.62057423805352296	0.36405848294684884	1.5	0.90695764132566692	0.38729137648714312	783.31871604919434
18	473867	473867	100	false	0		Inf	112	0.99999967175600668	0.99999967175600668	0.99857225984261155	0	0	0	-0	-0	-0	0.55539128109344538	0.36075421107877242	1.5	0.770692165632616	0.38728924148708616	931.12006497383118
19	150918	150918	100	false	0		Inf	112	0.99999915356613933	0.99999915356613933	0.99925750054118834	0	0	0	-0	-0	-0	0.68914409896229256	0.39052662463516064	1.5	0.99620108922833117	0.3872985471458254	927.29512810707092
20	955377	955377	100	false	0		Inf	112	0.99999980143661471	0.99999980143661471	0.9942684479144055	0	0	0	-0	-0	-0	0.58821508108073006	0.34806839513284255	1.5	0.8850521776096838	0.38730874919863811	500.82182502746582
21	902578	902578	100	false	0		Inf	112	0.99999909574182932	0.99999909574182932	0.99431830388980391	0	0	0	-0	-0	-0	0.64280485990586733	0.35879703636512605	1.5	1.0027320311760444	0.38730077503460902	498.70224404335022
22	61646	61646	100	false	0		Inf	112	0.99999970471648902	0.99999970471648902	0.99649773170325517	0	0	0	-0	-0	-0	0.60401966343225544	0.35144923309319809	1.5	0.95455637282233508	0.3872982399785414	599.10615992546082
23	197255	197255	100	false	0		Inf	112	0.99999557613404233	0.99999557613404233	0.99783689926762043	0	0	0	-0	-0	-0	0.65038583304899944	0.38565891484475295	1.5	1.0185122848845507	0.38729791643381578	602.11227011680603
24	462583	462583	100	false	0		Inf	112	0.99999965611194885	0.99999965611194885	0.9976242624784486	0	0	0	-0	-0	-0	0.56018168421987447	0.34398590509401689	1.5	0.88585966354305834	0.38729442915630935	661.99361610412598
25	184672	184672	100	false	0		Inf	112	0.99999982540882759	0.99999982540882759	0.9958304704986447	0	0	0	-0	-0	-0	0.60090308780958601	0.38687670130501423	1.5	0.97130563925045976	0.38729421868894409	510.2486560344696
26	831702	831702	100	false	0		Inf	112	0.99999983088433531	0.99999983088433531	0.9937498670918854	0	0	0	-0	-0	-0	0.54735129780575786	0.31916780490348401	1.5	0.85345610480349465	0.38729618558174167	514.68598318099976
27	720308	720308	100	false	0		Inf	112	0.99999979988037335	0.99999979988037335	0.99674165974794127	0	0	0	-0	-0	-0	0.56466563109937129	0.3551876076242263	1.5	0.86384865108631548	0.38729844102290267	737.26782178878784
28	16729	16729	100	false	0		Inf	112	0.9999994027283049	0.9999994027283049	0.99939273876993662	0	0	0	-0	-0	-0	0.5535566133540637	0.33809461397844909	1.5	0.94183242667858458	0.38729813005550368	611.63315606117249
29	387749	387749	100	false	0		Inf	112	0.9999997384480287	0.9999997384480287	0.99735108643340242	0	0	0	-0	-0	-0	0.63146488141518486	0.33889496307696731	1.5	0.97721804669878098	0.38729822486693249	582.15501999855042
30	215846	215846	100	false	0		Inf	112	0.99999982493429418	0.99999982493429418	0.99953124409710048	0	0	0	-0	-0	-0	0.61327473011442657	0.35187092060060471	1.5	0.9325202110668791	0.38729835807492285	615.14567089080811
31	312561	312561	100	false	0		Inf	112	0.99999939262597859	0.99999939262597859	0.99836761532249185	0	0	0	-0	-0	-0	0.61063384050028413	0.38506516705234595	1.5	0.88411587055039997	0.38729851163129136	616.32785105705261
32	749598	749598	100	false	0		Inf	112	0.9999998207148264	0.9999998207148264	0.99870700398687418	0	0	0	-0	-0	-0	0.6412801914133317	0.36160669318825256	1.5	1.0367790089363695	0.387306119080505	515.09220099449158
33	631837	631837	100	false	0		Inf	112	0.99999645949439631	0.99999645949439631	0.99824410238052508	0	0	0	-0	-0	-0	0.68681601026482475	0.38025410362519579	1.5	1.0018310039363605	0.38730233511828455	734.06803512573242
34	746550	746550	100	false	0		Inf	112	0.99999924907778304	0.99999924907778304	0.99507623015380431	0	0	0	-0	-0	-0	0.56082430918009996	0.33286567091621277	1.5	0.87759014035687821	0.38729859217505158	630.50766897201538
35	709734	709734	100	false	0		Inf	112	0.99999738724996634	0.99999738724996634	0.99798474948162985	0	0	0	-0	-0	-0	0.64405224912801984	0.35923301820417847	1.5	0.9767985180622587	0.38730558440590573	913.9864981174469
36	181983	181983	100	false	0		Inf	112	0.99999959635972013	0.99999959635972013	0.99631468576917359	0	0	0	-0	-0	-0	0.5703484890502325	0.33312491809319233	1.5	0.9363506207302742	0.38953821299366198	902.94270396232605
37	279125	279125	100	false	0		Inf	112	0.99999927322474591	0.99999927322474591	0.99758665997170981	0	0	0	-0	-0	-0	0.53166514635060236	0.31320740348964532	1.5	0.83849096528662126	0.3872984298973422	818.1330840587616
38	965652	965652	100	false	0		Inf	112	0.99999975522515583	0.99999975522515583	0.99702060500379597	0	0	0	-0	-0	-0	0.6076049942812457	0.3580446412387121	1.5	0.97369799826274206	0.387301483905101	907.71267104148865
39	419030	419030	100	false	0		Inf	112	0.99999911706354105	0.99999911706354105	0.99620287445147537	0	0	0	-0	-0	-0	0.60624312021458782	0.34661318860342683	1.5	0.9559761478035409	0.38729744183332387	623.48498916625977
40	888571	888571	100	false	0		Inf	112	0.99999974011564985	0.99999974011564985	0.99881471447067871	0	0	0	-0	-0	-0	0.63114628602416312	0.36598862950293787	1.5	1.01377354689937	0.38729828567507085	556.89305806159973
41	567906	567906	100	false	0		Inf	112	0.99999899281150706	0.99999899281150706	0.99929077641414699	0	0	0	-0	-0	-0	0.45246145136719601	0.35860684484516858	1.5	0.70938026163657997	0.38730338232920675	744.43605613708496
42	968356	968356	100	false	0		Inf	112	0.99999976152893177	0.99999976152893177	0.99665164843526455	0	0	0	-0	-0	-0	0.58008024563456939	0.34207862942520095	1.5	0.78206648138631585	0.38729266080377389	715.47414612770081
43	682041	682041	100	false	0		Inf	112	0.99999982740518778	0.99999982740518778	0.99544012605510046	0	0	0	-0	-0	-0	0.6360972399914504	0.37851205314295971	1.5	1.0130363716140238	0.38729980940329245	541.92102408409119
44	184183	184183	100	false	0		Inf	112	0.99999972010960225	0.99999972010960225	0.99618291305382767	0	0	0	-0	-0	-0	0.51738190049698951	0.29659809417166627	1.5	0.89050699663956912	0.38730066926008444	540.07136511802673
45	228167	228167	100	false	0		Inf	112	0.99999974335246855	0.99999974335246855	0.99823394551576961	0	0	0	-0	-0	-0	0.57874283351086131	0.34843908421826164	1.5	0.98614507485308744	0.38729898090108272	535.19838905334473
46	644045	644045	100	false	0		Inf	112	0.99999926367117531	0.99999926367117531	0.99637087821191528	0	0	0	-0	-0	-0	0.60511034656390117	0.33492634597653065	1.5	0.96385652105269193	0.38729820425629807	549.35331916809082
47	795829	795829	100	false	0		Inf	112	0.99999982181089087	0.99999982181089087	0.99863544854568853	0	0	0	-0	-0	-0	0.56619918763686228	0.30791880337715327	1.5	0.88379958047317153	0.38729867369618709	569.21343588829041
48	55163	55163	100	false	0		Inf	112	0.99999980639568686	0.99999980639568686	0.99470846208774655	0	0	0	-0	-0	-0	0.56998228657588801	0.35923985610161213	1.5	0.94745969818612319	0.38730724716273673	847.31740880012512
49	175307	175307	100	false	0		Inf	112	0.9999994057012338	0.9999994057012338	0.99830644252741318	0	0	0	-0	-0	-0	0.62743904568976905	0.36258183560154111	1.5	1.0068213789880021	0.38729605191097549	568.33787608146667
50	218892	218892	100	false	0		Inf	112	0.99999967553174329	0.99999967553174329	0.99069201560841669	0	0	0	-0	-0	-0	0.6444579350525983	0.40487980645333566	1.5	0.98404951291757836	0.38729638988444748	502.35998487472534
51	155832	155832	100	false	0		Inf	112	0.99999961904227808	0.99999961904227808	0.99755352004610587	0	0	0	-0	-0	-0	0.58644280677756366	0.34959334671777537	1.5	1.0436009447470851	0.38730433163729061	592.81786513328552
52	262269	262269	100	false	0		Inf	112	0.99999969706885372	0.99999969706885372	0.99644582125770276	0	0	0	-0	-0	-0	0.59626000922106315	0.35109353828327777	1.5	0.80791846557217395	0.38729827808631534	641.31567597389221
53	273956	273956	100	false	0		Inf	112	0.99999978179640736	0.99999978179640736	0.99607272802826563	0	0	0	-0	-0	-0	0.53536400507563897	0.33715845955637869	1.5	0.88298724534579909	0.38729871340297367	570.70071792602539
54	828743	828743	100	false	0		Inf	112	0.9999996033005365	0.9999996033005365	0.99809227494066555	0	0	0	-0	-0	-0	0.60028703730017796	0.35957702385991791	1.5	0.96459949303950288	0.38729859731635052	540.16040706634521
55	656460	656460	100	false	0		Inf	112	0.99999957145257046	0.99999957145257046	0.9965762576980377	0	0	0	-0	-0	-0	0.57771827307898627	0.37026421729890724	1.5	0.92350609364439518	0.3872975845840268	560.74846601486206
56	893076	893076	100	false	0		Inf	112	0.9999996485867666	0.9999996485867666	0.99831367029608042	0	0	0	-0	-0	-0	0.52247532925201834	0.34729540594417713	1.5	0.70655270867476494	0.38729013912744514	703.80702090263367
57	503506	503506	100	false	0		Inf	112	0.99999969105996633	0.99999969105996633	0.99363343124682446	0	0	0	-0	-0	-0	0.62198479829045805	0.35088607373750125	1.5	1.0142687465903106	0.38729330713242621	545.48387408256531
58	245877	245877	100	false	0		Inf	112	0.99999976620642494	0.99999976620642494	0.99633266892696648	0	0	0	-0	-0	-0	0.62159385304107106	0.34889217751801671	1.5	0.95810048738172315	0.38729877105906152	764.82490015029907
59	359706	359706	100	false	0		Inf	112	0.99999900870684122	0.99999900870684122	0.99719285010319536	0	0	0	-0	-0	-0	0.65611743905914621	0.36936155129652076	1.5	1.0377552004328932	0.38730599865239657	722.64213895797729
60	246715	246715	100	false	0		Inf	112	0.99999972912394985	0.99999972912394985	0.99346636423866896	0	0	0	-0	-0	-0	0.60770505216849502	0.34706045839815403	1.5	1.0150688773273902	0.3872991791408501	523.95332098007202
61	690925	690925	100	false	0		Inf	112	0.99999964454115109	0.99999964454115109	0.99610701991095729	0	0	0	-0	-0	-0	0.58981516450203564	0.35717722113890643	1.5	0.91394326031318618	0.38730293510100172	499.86821603775024
62	696535	696535	100	false	0		Inf	112	0.99999963826813942	0.99999963826813942	0.99736250405824356	0	0	0	-0	-0	-0	0.54997256411460493	0.34327674148375026	1.5	0.88959609772564929	0.38729791165180288	552.20425391197205
63	795298	795298	100	false	0		Inf	112	0.999999825220518	0.999999825220518	0.99510282554547713	0	0	0	-0	-0	-0	0.56428348733067879	0.33694801337692143	1.5	0.74409521791762223	0.38729252627226995	541.63274097442627
64	535117	535117	100	false	0		Inf	112	0.99999971560532175	0.99999971560532175	0.99949080366459198	0	0	0	-0	-0	-0	0.60454230593202796	0.3515854119555486	1.5	1.0156777303791316	0.38729814883764957	909.52026414871216
65	310012	310012	100	false	0		Inf	112	0.99999979696116514	0.99999979696116514	0.99865928799824766	0	0	0	-0	-0	-0	0.57351946535080445	0.33266458910004315	1.5	1.0229145794423489	0.38729760622314435	912.78749704360962
66	266070	266070	100	false	0		Inf	112	0.99999970739983779	0.99999970739983779	0.99474505892168308	0	0	0	-0	-0	-0	0.5885464593367451	0.3749428101932365	1.5	0.96156527030448891	0.38729781088310955	631.8699369430542
67	510043	510043	100	false	0		Inf	112	0.99999978630685082	0.99999978630685082	0.99926922034717991	0	0	0	-0	-0	-0	0.56203694248735414	0.31784428770447182	1.5	0.9030238779659806	0.38729833949652109	682.39050388336182
68	364834	364834	100	false	0		Inf	112	0.99999981511275216	0.99999981511275216	0.9979307388754729	0	0	0	-0	-0	-0	0.56404432167852636	0.36226360374357569	1.5	0.96406842927791569	0.38729810253544616	539.14429998397827
69	50978	50978	100	false	0		Inf	112	0.99999964280929288	0.99999964280929288	0.99576024860116474	0	0	0	-0	-0	-0	0.62959491419337277	0.35887796469628558	1.5	1.0022787110919054	0.38729845450140687	658.45591807365417
70	983225	983225	100	false	0		Inf	112	0.99999975156671816	0.99999975156671816	0.99981398001376953	0	0	0	-0	-0	-0	0.57060362822601907	0.34247086267671162	1.5	0.93304140343410236	0.38729856430459136	531.19164299964905
71	20510	20510	100	false	0		Inf	112	0.99999942929943764	0.99999942929943764	0.99495795447976543	0	0	0	-0	-0	-0	0.58211921106912146	0.358289760192679	1.5	0.97575224154186135	0.38729851669834997	617.03305697441101
72	39528	39528	100	false	0		Inf	112	0.99999973452942614	0.99999973452942614	0.99605797068680046	0	0	0	-0	-0	-0	0.63941917595052467	0.35619909259319688	1.5	0.99857799177355211	0.38729750859567563	625.3310980796814
73	518624	518624	100	false	0		Inf	112	0.99999980580034209	0.99999980580034209	0.99733306764403395	0	0	0	-0	-0	-0	0.57310539553893736	0.34108466592170306	1.5	0.90236890235797496	0.38729641573678381	552.18373608589172
74	279217	279217	100	false	0		Inf	112	0.99999978796518318	0.99999978796518318	0.99607481966788525	0	0	0	-0	-0	-0	0.57614775745157298	0.36161803373050649	1.5	0.88918930437125299	0.38730636996735718	624.9213011264801
75	769063	769063	100	false	0		Inf	112	0.99999965715491024	0.99999965715491024	0.98591798080004744	0	0	0	-0	-0	-0	0.61491430778496392	0.35688432294520234	1.5	0.8048809399689022	0.38729887318716211	638.08083891868591
76	603072	603072	100	false	0		Inf	112	0.99999600027366298	0.99999600027366298	0.9926492738318089	0	0	0	-0	-0	-0	0.57307289801086436	0.36006055951039595	1.5	0.88408956488110502	0.38733388067276442	581.97555303573608
77	265386	265386	100	false	0		Inf	112	0.99999981825741535	0.99999981825741535	0.99378470000122254	0	0	0	-0	-0	-0	0.57218288178837273	0.36821155944077122	1.5	0.83936937965895264	0.38728736929403784	906.0747811794281
78	191889	191889	100	false	0		Inf	112	0.99999973349799953	0.99999973349799953	0.99756761595809884	0	0	0	-0	-0	-0	0.65098599096610221	0.38110006793123602	1.5	0.98577594407634672	0.38731306112882941	526.30365395545959
79	461212	461212	100	false	0		Inf	112	0.99999977342085178	0.99999977342085178	0.9959663425692058	0	0	0	-0	-0	-0	0.57898246818718335	0.35060508343949154	1.5	0.91413851812288693	0.38729840081937145	830.12974905967712
80	707673	707673	100	false	0		Inf	112	0.99999976860781703	0.99999976860781703	0.99740199683058595	0	0	0	-0	-0	-0	0.56894248271906755	0.35723728159418178	1.5	1.0565826236626497	0.38729819800579846	614.84471201896667
81	29044	29044	100	false	0		Inf	112	0.99999978828052372	0.99999978828052372	0.99806754750485194	0	0	0	-0	-0	-0	0.59409823601615241	0.33252143633785824	1.5	0.94430653189945513	0.38730236954192243	899.89265108108521
82	621551	621551	100	false	0		Inf	112	0.99999976185241968	0.99999976185241968	0.99627986871184049	0	0	0	-0	-0	-0	0.55200058205304847	0.31477095108097736	1.5	0.78147859216363236	0.38729818423686441	681.710697889328
83	460176	460176	100	false	0		Inf	112	0.99999982869626014	0.99999982869626014	0.9965047713263081	0	0	0	-0	-0	-0	0.55706024648942809	0.29697817565176199	1.5	0.87580574819338564	0.38729957254052239	530.63425517082214
84	632485	632485	100	false	0		Inf	112	0.99999970848892605	0.99999970848892605	0.99796374484861083	0	0	0	-0	-0	-0	0.74223147695146907	0.39305910321578902	1.5	1.0555686549728021	0.38730991771582512	564.01841592788696
85	705471	705471	100	false	0		Inf	112	0.99999934361868703	0.99999934361868703	0.99444275457172604	0	0	0	-0	-0	-0	0.54994220615162448	0.34151418135867379	1.5	0.89498723166753102	0.38731132358526232	729.3862669467926
86	617573	617573	100	false	0		Inf	112	0.99999979751661716	0.99999979751661716	0.99638232089132628	0	0	0	-0	-0	-0	0.61277925171977554	0.40067537213660476	1.5	0.98923029187033984	0.38729342987583609	575.67245602607727
87	950438	950438	100	false	0		Inf	112	0.99999961170996154	0.99999961170996154	0.99601297182006343	0	0	0	-0	-0	-0	0.53427555132422799	0.3268585212264874	1.5	0.8717121353603422	0.38729792491565546	559.26240515708923
88	607415	607415	100	false	0		Inf	112	0.9999992490071179	0.9999992490071179	0.99682680822477254	0	0	0	-0	-0	-0	0.55393401092680461	0.39372692990622804	1.5	0.96691361117527386	0.38729902930310339	524.30168914794922
89	321202	321202	100	false	0		Inf	112	0.999999805651406	0.999999805651406	0.99531659976356535	0	0	0	-0	-0	-0	0.61653430024371847	0.3536771117051809	1.5	1.0342574262745532	0.38729809935457221	566.93561100959778
90	421887	421887	100	false	0		Inf	112	0.99999966529571105	0.99999966529571105	0.99863507190480139	0	0	0	-0	-0	-0	0.47055343711599473	0.36584319960823225	1.5	0.74624020659860479	0.38729745070478488	709.58012294769287
91	337617	337617	100	false	0		Inf	112	0.99999936455351202	0.99999936455351202	0.99563101237303064	0	0	0	-0	-0	-0	0.57328643230182963	0.33853937224732861	1.5	0.81634085670196932	0.38729893815401339	747.80503487586975
92	666520	666520	100	false	0		Inf	112	0.99998575237434562	0.99998575237434562	0.99741614448008042	0	0	0	-0	-0	-0	0.55860533245121591	0.37085425295370517	1.5	0.89460948366568682	0.3872956202410317	541.19565391540527
93	205394	205394	100	false	0		Inf	112	0.99999844156252915	0.99999844156252915	0.99735369511984107	0	0	0	-0	-0	-0	0.60251276207760407	0.35824431749271873	1.5	0.95124107053289864	0.38729701505546554	573.36135220527649
94	889047	889047	100	false	0		Inf	112	0.99999976427136494	0.99999976427136494	0.99361583832505807	0	0	0	-0	-0	-0	0.60883198019836415	0.36466129731790581	1.5	0.9449016527985562	0.38729824625414971	500.15372896194458
95	526	526	100	false	0		Inf	112	0.99999977297247	0.99999977297247	0.99428983517447256	0	0	0	-0	-0	-0	0.6091521422771059	0.36649894678258327	1.5	1.0091467654818429	0.38729875680894787	649.52998495101929
96	29498	29498	100	false	0		Inf	112	0.99999958426935254	0.99999958426935254	0.99888083715440068	0	0	0	-0	-0	-0	0.5409595070134382	0.32370980757466206	1.5	0.90321962116320154	0.38729699994622196	612.17251014709473
97	831472	831472	100	false	0		Inf	112	0.99999979164489727	0.99999979164489727	0.99615165411016648	0	0	0	-0	-0	-0	0.6579343136295821	0.35781954434276086	1.5	0.97037742114652703	0.38729762865211625	619.77172493934631
98	810138	810138	100	false	0		Inf	112	0.99999976768717491	0.99999976768717491	0.9962524267928683	0	0	0	-0	-0	-0	0.58812340392298323	0.37180991812978698	1.5	0.97448512226750938	0.3872982633226687	568.68017601966858
99	105026	105026	100	false	0		Inf	112	0.99999978019197899	0.99999978019197899	0.99819628272874927	0	0	0	-0	-0	-0	0.59196532271145319	0.35985950167905029	1.5	0.89798174275750131	0.38729921056086353	559.46912097930908
100	647322	647322	100	false	0		Inf	112	0.99999972842908347	0.99999972842908347	0.9963939912341454	0	0	0	-0	-0	-0	0.62701207306201534	0.34585666849790564	1.5	0.99964107862116558	0.38729846422178865	507.36773705482483
