=== TRACE BENCHMARK RESULTS ===
N_shots = 100
n_init = 12
n_iter = 100
num_sims = 40
workers = 5
threshold = 1.0
disable_stopping = true
require_surrogate_confidence = true
stopping_rule = surrogate_then_noisy
score_mode = full_l1
confidence_z = 0.98
restart_on_stagnation = true
restart_failure_window = 8
restart_min_active_iter = 16
restart_min_delta = 0.01
restart_disable_lcb = 0.8
restart_max_restarts = 5
restart_seed_policy = reset_local_bo_rng_and_worker_global_rng
kappa = 1.9
path_guard = false
path_guard_init_design = latin_hypercube
path_guard_init_center_exclusion = 0.0
path_guard_init_sobol_skip_max = 2048
decision_q_max = 1.0
path_guard_trust_start_q = 0.7
path_guard_strong_trust_q = 0.9
path_guard_global_scout_period = 7
path_guard_global_scout_frac = 0.15
center_jitter_u_max = 0.0
bound_scale = 0.5
freq_span_mode = raw_khz
freq_span_raw_kHz = 10.0
freq_span_2pi_kHz = 1.5915494309189535
fixed_init_seed = 0
gp_diag = false
gp_diag_dir = /Users/caleb/Documents/SQRL/Calibration/QuantumFidelityOptimization/data/gp_diagnostics_freqspan10_bound050_full_l1_N100_nostop100_stream_40seeds
gp_diag_grid_n = 101
gp_diag_snapshot_iters = 10,50,100
gp_diag_snapshot_axes = fcl,fsb,amp
gp_diag_every_iter_axes = fcl
stream_seed_outputs = true
seed_progress_csv = /Users/caleb/Documents/SQRL/Calibration/QuantumFidelityOptimization/data/traces_freqspan10_bound050_full_l1_N100_nostop100_stream_40seeds/seed_progress.csv
M_acq = 5000
M_rec = 20000
elapsed_seconds = 3181.416839838028

=== RESULTS SUMMARY ===
Early stops = 0 / 40
Average Q_det = 0.9986048534209667 +/- 0.0018220388391591868
Median Q_det = 0.9993363981321736
Min Q_det = 0.9921351171840822
Max Q_det = 0.9999435594477277
Average log10(1-Q_det) = -3.1628313843087468 +/- 0.5438261913624487
Average iterations = 100.0 +/- 0.0
Average total shots = 11300.0
Total restarts = 0
Average restarts = 0.0 +/- 0.0
Average seed elapsed seconds = 392.31134962439535 +/- 6.247022431875909

=== All Results ===
Sim	Seed	InitialSeed	Iterations	StoppedEarly	Restarts	RestartSeeds	TotalShots	NTrain	Q_det	Q_rec	Q_last	center_jitter_u1	center_jitter_u2	center_jitter_u3	true_opt_u1	true_opt_u2	true_opt_u3	ell1	ell2	ell3	sigma_f	c	ElapsedSeconds
1	714078	714078	100	false	0		11300	112	0.99885650295695583	1	1	0	0	0	-0	-0	-0	0.47941827873853188	0.33098770451501502	1.5	1.6172815785122823	0.8245065072712866	404.04302000999451
2	849665	849665	100	false	0		11300	112	0.99969027887731188	1	1	0	0	0	-0	-0	-0	0.4895332760591693	0.38310458183307994	1.5	1.4656942615454394	0.9123064722819193	396.92939305305481
3	670733	670733	100	false	0		11300	112	0.9992799822127546	1	0.98999999999999999	0	0	0	-0	-0	-0	0.49707243454957634	0.34254323799410136	1.5	1.4370184109241892	1.0464653846581726	406.52220892906189
4	400294	400294	100	false	0		11300	112	0.99988308712518192	1	1	0	0	0	-0	-0	-0	0.52043448329238207	0.35786913083161714	1.5	1.5498126461100177	0.82478582724754645	408.42436194419861
5	909858	909858	100	false	0		11300	112	0.99925336053781089	1	1	0	0	0	-0	-0	-0	0.56806362088877471	0.33908246298293226	1.5	1.2559236422322764	0.80399516313603725	399.39178109169006
6	473966	473966	100	false	0		11300	112	0.99637183195285706	0.98999999999999999	1	0	0	0	-0	-0	-0	0.52426299596961534	0.36476337960606842	1.5	1.5304603914761998	0.89386011943890509	382.26360702514648
7	981559	981559	100	false	0		11300	112	0.99810022642078911	1	0.98999999999999999	0	0	0	-0	-0	-0	0.57723026372041808	0.29177380863400576	1.5	1.3791460249217504	0.95026993232457679	387.50667691230774
8	318670	318670	100	false	0		11300	112	0.99944099505845196	1	1	0	0	0	-0	-0	-0	0.55305162478733838	0.319111309213987	1.5	1.5303536595278744	0.79270653692188775	390.82540202140808
9	225142	225142	100	false	0		11300	112	0.99697931849540711	1	1	0	0	0	-0	-0	-0	0.46051789711451124	0.29105919992080015	1.5	1.271712448369843	0.64583648706933006	396.05552005767822
10	359405	359405	100	false	0		11300	112	0.99953997399974259	1	0.97999999999999998	0	0	0	-0	-0	-0	0.52558659482897063	0.3325675362194197	1.5	1.5837829759574951	1.0322144638909285	395.38097286224365
11	250215	250215	100	false	0		11300	112	0.99942688986896988	1	1	0	0	0	-0	-0	-0	0.49060437663181078	0.32990645830910481	1.5	1.1295959566851093	1.0129299769277664	386.56045889854431
12	558664	558664	100	false	0		11300	112	0.99945247310763352	1	0.98999999999999999	0	0	0	-0	-0	-0	0.47513153944492786	0.34271607142594412	1.5	1.1822259242792483	0.72118195472557312	388.35398507118225
13	438880	438880	100	false	0		11300	112	0.99858128427504211	0.98999999999999999	0.98999999999999999	0	0	0	-0	-0	-0	0.61028347959429841	0.38948437309409878	1.5	1.6892340190602875	0.89350827786609166	391.68874406814575
14	5937	5937	100	false	0		11300	112	0.99928405810878651	1	1	0	0	0	-0	-0	-0	0.52576850771596728	0.27609853470033224	1.5	1.1721463029540289	0.70865905583027466	395.1883909702301
15	615903	615903	100	false	0		11300	112	0.99976473967426416	1	1	0	0	0	-0	-0	-0	0.59634743164400594	0.30947996659872745	1.5	1.5489614037925656	1.0395494590278884	395.34627103805542
16	150574	150574	100	false	0		11300	112	0.99952125703958317	1	0.98999999999999999	0	0	0	-0	-0	-0	0.55751313187597606	0.32878031901557103	1.5	1.283849022698051	1.1195376480018338	382.73289704322815
17	963284	963284	100	false	0		11300	112	0.99447124904436357	0.97999999999999998	1	0	0	0	-0	-0	-0	0.48749677978944034	0.35290675729051202	1.5	1.5404929253219513	0.57027648008713405	386.47694993019104
18	473867	473867	100	false	0		11300	112	0.99859112452657306	1	1	0	0	0	-0	-0	-0	0.57757035471212759	0.41995395076470698	1.5	1.3946351444918297	0.76465171638600227	391.00552296638489
19	150918	150918	100	false	0		11300	112	0.99846280536800447	1	1	0	0	0	-0	-0	-0	0.5295627459546135	0.40292935636066585	1.5	1.3376992197718478	0.92025228444408014	398.01501798629761
20	955377	955377	100	false	0		11300	112	0.99821886116327851	1	0.97999999999999998	0	0	0	-0	-0	-0	0.48381880760188384	0.35369874782385924	1.5	1.3208254510837372	0.79063225770563561	394.79119896888733
21	902578	902578	100	false	0		11300	112	0.99948070738207329	1	0.98999999999999999	0	0	0	-0	-0	-0	0.58348144875414842	0.30794381176805757	1.5	1.4805226399188682	0.90791910320782743	384.83235597610474
22	61646	61646	100	false	0		11300	112	0.99938873815556062	1	1	0	0	0	-0	-0	-0	0.5812944199712986	0.32586898549563253	1.5	1.5160884636950782	0.8355883295760369	388.75577116012573
23	197255	197255	100	false	0		11300	112	0.9929951124219446	0.98999999999999999	0.98999999999999999	0	0	0	-0	-0	-0	0.46260878629508406	0.33138964590435233	1.5	1.3437854377256659	0.76577376561899169	392.75154685974121
24	462583	462583	100	false	0		11300	112	0.99742052602413056	1	0.98999999999999999	0	0	0	-0	-0	-0	0.54764945130961629	0.29679158411315631	1.5	1.3435801567895225	0.88551070187971415	392.94113492965698
25	184672	184672	100	false	0		11300	112	0.99681188435707102	1	1	0	0	0	-0	-0	-0	0.6335195023496113	0.31348558963231532	1.5	1.5673321091723544	1.0128643998022342	396.30140209197998
26	831702	831702	100	false	0		11300	112	0.9997927103042944	1	0.98999999999999999	0	0	0	-0	-0	-0	0.47940484916445192	0.33729263049522185	1.5	1.4342852829088351	0.98940593816096101	385.29774594306946
27	720308	720308	100	false	0		11300	112	0.99983021757130808	1	1	0	0	0	-0	-0	-0	0.56698080614350133	0.35940941715386709	1.5	1.4796606233150944	1.0375251802406484	390.76744890213013
28	16729	16729	100	false	0		11300	112	0.99810157716660197	1	1	0	0	0	-0	-0	-0	0.48050472964922059	0.31302797794987364	1.5	1.3488104211966059	0.97030245859807063	391.37007212638855
29	387749	387749	100	false	0		11300	112	0.99905422198482929	1	1	0	0	0	-0	-0	-0	0.47494495893195737	0.31638449429565746	1.5	1.2756831389397996	0.91239227668873968	398.63358592987061
30	215846	215846	100	false	0		11300	112	0.9921351171840822	1	1	0	0	0	-0	-0	-0	0.61870369408774584	0.28993101974240748	1.5	1.4918020398102179	0.802103958231971	397.14852404594421
31	312561	312561	100	false	0		11300	112	0.99830673275685611	1	0.98999999999999999	0	0	0	-0	-0	-0	0.52990121927044953	0.36782407022886537	1.5	1.3982138160582009	0.94254630801052031	385.58867907524109
32	749598	749598	100	false	0		11300	112	0.99989508118138004	1	0.98999999999999999	0	0	0	-0	-0	-0	0.58419935637685405	0.31007146679540287	1.5	1.6336595920174599	0.86457979283461206	387.20064401626587
33	631837	631837	100	false	0		11300	112	0.9997865610901886	1	1	0	0	0	-0	-0	-0	0.51027560646375003	0.37507959519963879	1.5	1.51992986428267	0.85806195909405658	393.72380399703979
34	746550	746550	100	false	0		11300	112	0.99969602607312502	1	0.98999999999999999	0	0	0	-0	-0	-0	0.48873660157429405	0.32120874636369057	1.5	1.2663279754350896	0.8448204783566351	397.31309986114502
35	709734	709734	100	false	0		11300	112	0.99994355944772773	1	0.98999999999999999	0	0	0	-0	-0	-0	0.56043667528807573	0.30588263992248022	1.5	1.4381243616600767	0.8825006312573711	397.26933407783508
36	181983	181983	100	false	0		11300	112	0.99914808200217708	1	0.98999999999999999	0	0	0	-0	-0	-0	0.56350303161845339	0.38989854657487549	1.5	1.5184959298093759	0.89196148769383576	385.13544297218323
37	279125	279125	100	false	0		11300	112	0.99967241969126475	1	1	0	0	0	-0	-0	-0	0.50618032929826551	0.26523532880170153	1.5	1.4554319339940676	0.92974273477367075	387.41147494316101
38	965652	965652	100	false	0		11300	112	0.99991756325724246	1	1	0	0	0	-0	-0	-0	0.59120140418850176	0.33399418939149922	1.5	1.6253637987953165	0.8452199520727971	387.3984260559082
39	419030	419030	100	false	0		11300	112	0.99990373018550849	1	0.98999999999999999	0	0	0	-0	-0	-0	0.58808623722522291	0.31066204675853315	1.5	1.5100630978787326	0.77467457529265193	387.8235170841217
40	888571	888571	100	false	0		11300	112	0.99974326878753472	1	1	0	0	0	-0	-0	-0	0.57099936927806971	0.34755447485733143	1.5	1.5284957231085787	0.79039711533153056	387.28759407997131
