=== TRACE BENCHMARK RESULTS ===
N_shots = Inf
n_init = 12
n_iter = 100
num_sims = 40
workers = 5
threshold = 0.99
disable_stopping = true
require_surrogate_confidence = true
stopping_rule = surrogate_then_noisy
score_mode = odd_penalty
confidence_z = 1.0
restart_on_stagnation = true
restart_failure_window = 8
restart_min_active_iter = 16
restart_min_delta = 0.01
restart_disable_lcb = 0.85
restart_max_restarts = 5
restart_seed_policy = reset_local_bo_rng_and_worker_global_rng
kappa = 1.9
path_guard = false
path_guard_init_design = latin_hypercube
path_guard_init_center_exclusion = 0.0
path_guard_init_sobol_skip_max = 2048
decision_q_max = 1.0
path_guard_trust_start_q = 0.7
path_guard_strong_trust_q = 0.9
path_guard_global_scout_period = 7
path_guard_global_scout_frac = 0.15
center_jitter_u_max = 0.0
bound_scale = 0.5
freq_span_mode = raw_khz
freq_span_raw_kHz = 10.0
freq_span_2pi_kHz = 1.5915494309189535
fixed_init_seed = 0
M_acq = 5000
M_rec = 20000
elapsed_seconds = 3172.368122816086

=== RESULTS SUMMARY ===
Early stops = 0 / 40
Average Q_det = 0.9999990406635648 +/- 8.520513159140252e-7
Median Q_det = 0.9999993612002194
Min Q_det = 0.9999956278239528
Max Q_det = 0.9999996567209098
Average log10(1-Q_det) = -5.926672233175883 +/- 0.15190646163646593
Average iterations = 100.0 +/- 0.0
Average total shots = Inf
Total restarts = 0
Average restarts = 0.0 +/- 0.0

=== All Results ===
Sim	Seed	InitialSeed	Iterations	StoppedEarly	Restarts	RestartSeeds	TotalShots	NTrain	Q_det	Q_rec	Q_last	center_jitter_u1	center_jitter_u2	center_jitter_u3	true_opt_u1	true_opt_u2	true_opt_u3	ell1	ell2	ell3	sigma_f	c
1	714078	714078	100	false	0		Inf	112	0.99999562782395279	0.99999562782395279	0.99713055628019465	0	0	0	-0	-0	-0	0.46655299985433307	0.31795901159747675	1.5	0.87568798572986761	0.38729405331990052
2	849665	849665	100	false	0		Inf	112	0.99999945815603364	0.99999945815603364	0.99785728497878934	0	0	0	-0	-0	-0	0.51380966491224733	0.29308459704175338	1.5	1.0039851366005885	0.3872920997948176
3	670733	670733	100	false	0		Inf	112	0.99999864643562386	0.99999864643562386	0.99524921252287213	0	0	0	-0	-0	-0	0.51369263555365929	0.26535306533193381	1.5	0.95570803889290701	0.38730246081860503
4	400294	400294	100	false	0		Inf	112	0.99999875458995158	0.99999875458995158	0.99710471540969381	0	0	0	-0	-0	-0	0.46830617740696528	0.25758608250212633	1.5	0.76290019674282106	0.38729724778988939
5	909858	909858	100	false	0		Inf	112	0.99999953925626484	0.99999953925626484	0.99897468081409757	0	0	0	-0	-0	-0	0.49756151448497205	0.27350044776007576	1.5	0.80851222599205219	0.38729796064252331
6	473966	473966	100	false	0		Inf	112	0.9999991170414454	0.9999991170414454	0.9931356653326171	0	0	0	-0	-0	-0	0.56075469265794453	0.27820368430460174	1.5	0.94251858746343009	0.38731015146749692
7	981559	981559	100	false	0		Inf	112	0.9999992873125666	0.9999992873125666	0.99461468428458655	0	0	0	-0	-0	-0	0.49599442169983032	0.27942695907867227	1.5	0.93785109560966884	0.38729807783471842
8	318670	318670	100	false	0		Inf	112	0.99999956067503981	0.99999956067503981	0.99472976922135936	0	0	0	-0	-0	-0	0.55753141401439443	0.26435716478592408	1.5	0.93224211963869164	0.38729845120847461
9	225142	225142	100	false	0		Inf	112	0.99999780492384938	0.99999780492384938	0.99605380679059707	0	0	0	-0	-0	-0	0.43387511997250688	0.2794788280403821	1.5	0.82102573708923499	0.387297580733303
10	359405	359405	100	false	0		Inf	112	0.99999958768927211	0.99999958768927211	0.99510575014476554	0	0	0	-0	-0	-0	0.51678753954066081	0.32922206757375932	1.5	0.9656362619169373	0.38730294154779726
11	250215	250215	100	false	0		Inf	112	0.99999924668124762	0.99999924668124762	0.99682877020356897	0	0	0	-0	-0	-0	0.5075572376469667	0.31506726755458214	1.5	0.90798506807723145	0.38729744211685524
12	558664	558664	100	false	0		Inf	112	0.99999945829932357	0.99999945829932357	0.99632333544151008	0	0	0	-0	-0	-0	0.45944722644932912	0.29456382767333317	1.5	0.75498901737988866	0.38729233339573532
13	438880	438880	100	false	0		Inf	112	0.99999925105630505	0.99999925105630505	0.9844292034819595	0	0	0	-0	-0	-0	0.5168198276713929	0.33745612824909593	1.5	0.96540652620740686	0.38730675687417815
14	5937	5937	100	false	0		Inf	112	0.99999889221669558	0.99999889221669558	0.99734994797597365	0	0	0	-0	-0	-0	0.50477822710429587	0.30129415749294691	1.5	0.90686971816659812	0.38729863910478962
15	615903	615903	100	false	0		Inf	112	0.99999893226986103	0.99999893226986103	0.97959477465373479	0	0	0	-0	-0	-0	0.44627208579259775	0.2715071430906989	1.5	0.73033786023808045	0.38730348584231972
16	150574	150574	100	false	0		Inf	112	0.9999996245184829	0.9999996245184829	0.99233469761794602	0	0	0	-0	-0	-0	0.50878838094016499	0.27267961598959833	1.5	0.77337437220214034	0.38729781034286048
17	963284	963284	100	false	0		Inf	112	0.99999965488717035	0.99999965488717035	0.99781107335281127	0	0	0	-0	-0	-0	0.50551338099707954	0.31945352389051868	1.5	0.90574046410357767	0.38730025925077699
18	473867	473867	100	false	0		Inf	112	0.99999931316465629	0.99999931316465629	0.99714451968522055	0	0	0	-0	-0	-0	0.46720643406417289	0.2690120361449132	1.5	0.69138331082246096	0.38729818148001033
19	150918	150918	100	false	0		Inf	112	0.99999954503533073	0.99999954503533073	0.99851500108237756	0	0	0	-0	-0	-0	0.52019650876733359	0.31197450112784053	1.5	0.92865188654647124	0.38729810538743298
20	955377	955377	100	false	0		Inf	112	0.99999861226263997	0.99999861226263997	0.98853689582881699	0	0	0	-0	-0	-0	0.53327903050629855	0.30658842351638677	1.5	0.93586816388349336	0.38730868640624971
21	902578	902578	100	false	0		Inf	112	0.99999884770411462	0.99999884770411462	0.98863660777961182	0	0	0	-0	-0	-0	0.4931367568394765	0.31890751784493498	1.5	0.8479139006881764	0.38729808054664083
22	61646	61646	100	false	0		Inf	112	0.99999869389891882	0.99999869389891882	0.99299546340651546	0	0	0	-0	-0	-0	0.55415060281799244	0.25939287499224767	1.5	0.81390549233009979	0.38729866277691133
23	197255	197255	100	false	0		Inf	112	0.9999996091730522	0.9999996091730522	0.99567379853524496	0	0	0	-0	-0	-0	0.42782680315403482	0.29849115561120876	1.5	0.72698806120477744	0.38729859015044793
24	462583	462583	100	false	0		Inf	112	0.99999929841127733	0.99999929841127733	0.99524852495689542	0	0	0	-0	-0	-0	0.40599958907290418	0.25998778109736898	1.5	0.58482149926918003	0.3872977168896542
25	184672	184672	100	false	0		Inf	112	0.99999953834589583	0.99999953834589583	0.99270210365568945	0	0	0	-0	-0	-0	0.51835200822276839	0.31401448550670863	1.5	0.93286257686583474	0.38729725296774492
26	831702	831702	100	false	0		Inf	112	0.99999965186077056	0.99999965186077056	0.9874997341837578	0	0	0	-0	-0	-0	0.47935458233307554	0.30565226634495718	1.5	0.74766718817466737	0.3872959699929483
27	720308	720308	100	false	0		Inf	112	0.99999965672090985	0.99999965672090985	0.99348331949588775	0	0	0	-0	-0	-0	0.51573329299429249	0.30421886782449742	1.5	0.86792317547614573	0.38729822196843472
28	16729	16729	100	false	0		Inf	112	0.99999695426225843	0.99999695426225843	0.9987854775398729	0	0	0	-0	-0	-0	0.52325198917704319	0.30712331116071545	1.5	0.87053098181177679	0.38729858502147724
29	387749	387749	100	false	0		Inf	112	0.99999939031858809	0.99999939031858809	0.99470217286680751	0	0	0	-0	-0	-0	0.45070895744567047	0.26761748521783374	1.5	0.67963959224747217	0.38729858259782651
30	215846	215846	100	false	0		Inf	112	0.99999935239148174	0.99999935239148174	0.99906248819420007	0	0	0	-0	-0	-0	0.47980438562715205	0.31229731955217077	1.5	0.86334064318396186	0.38730067302814419
31	312561	312561	100	false	0		Inf	112	0.99999949271575139	0.99999949271575139	0.99673523064498637	0	0	0	-0	-0	-0	0.44411073818147173	0.28934903141068391	1.5	0.75428876437113213	0.38729628460800108
32	749598	749598	100	false	0		Inf	112	0.99999953987190371	0.99999953987190371	0.9974140079737448	0	0	0	-0	-0	-0	0.44088961427662904	0.24639475158618959	1.5	0.72544601782618445	0.3872982967306019
33	631837	631837	100	false	0		Inf	112	0.99999842552730656	0.99999842552730656	0.99648820476105371	0	0	0	-0	-0	-0	0.55423614041008162	0.30163910544264794	1.5	0.96549055275140838	0.38729802381131123
34	746550	746550	100	false	0		Inf	112	0.99999961096612178	0.99999961096612178	0.99015246030761539	0	0	0	-0	-0	-0	0.47231076449708914	0.26654159998549337	1.5	0.72462427315347555	0.38729830383447378
35	709734	709734	100	false	0		Inf	112	0.99999710916505247	0.99999710916505247	0.99596949896326614	0	0	0	-0	-0	-0	0.46572309267729228	0.34281123073479075	1.5	0.83371264805258305	0.38729503081303934
36	181983	181983	100	false	0		Inf	112	0.99999962439967605	0.99999962439967605	0.99262937153834885	0	0	0	-0	-0	-0	0.54919813665908124	0.30343781540600917	1.5	0.84852325001984785	0.38730632436261625
37	279125	279125	100	false	0		Inf	112	0.99999951677290255	0.99999951677290255	0.99517331994341895	0	0	0	-0	-0	-0	0.50620294231459628	0.2801979750794939	1.5	0.95668685820422072	0.38729809829149109
38	965652	965652	100	false	0		Inf	112	0.99999937000895711	0.99999937000895711	0.99404121000758994	0	0	0	-0	-0	-0	0.47459154346421994	0.31342047578840154	1.5	0.81996077249820243	0.38730132694530905
39	419030	419030	100	false	0		Inf	112	0.99999845276305155	0.99999845276305155	0.99240574890294642	0	0	0	-0	-0	-0	0.51473494010351573	0.28892904951295256	1.5	0.87338343458897716	0.38727881734638619
40	888571	888571	100	false	0		Inf	112	0.99999957696889163	0.99999957696889163	0.99762942894135709	0	0	0	-0	-0	-0	0.43587276806145653	0.30571211312122126	1.5	0.85287108660829669	0.3873093134730079
