=== TRACE BENCHMARK RESULTS ===
N_shots = Inf
n_init = 12
n_iter = 100
num_sims = 40
workers = 5
threshold = 0.99
disable_stopping = true
require_surrogate_confidence = true
stopping_rule = surrogate_then_noisy
score_mode = odd_penalty
confidence_z = 1.0
restart_on_stagnation = true
restart_failure_window = 8
restart_min_active_iter = 16
restart_min_delta = 0.01
restart_disable_lcb = 0.85
restart_max_restarts = 5
restart_seed_policy = reset_local_bo_rng_and_worker_global_rng
kappa = 1.9
path_guard = false
path_guard_init_design = latin_hypercube
path_guard_init_center_exclusion = 0.0
path_guard_init_sobol_skip_max = 2048
decision_q_max = 1.0
path_guard_trust_start_q = 0.7
path_guard_strong_trust_q = 0.9
path_guard_global_scout_period = 7
path_guard_global_scout_frac = 0.15
center_jitter_u_max = 0.0
bound_scale = 1.0
freq_span_mode = raw_khz
freq_span_raw_kHz = 10.0
freq_span_2pi_kHz = 1.5915494309189535
fixed_init_seed = 0
M_acq = 5000
M_rec = 20000
elapsed_seconds = 3112.93847489357

=== RESULTS SUMMARY ===
Early stops = 0 / 40
Average Q_det = 0.8762579848220003 +/- 0.2878157954179387
Median Q_det = 0.9999795207415374
Min Q_det = 0.0
Max Q_det = 0.9999994156306126
Average log10(1-Q_det) = -4.027001839783459 +/- 1.9676925783221335
Average iterations = 100.0 +/- 0.0
Average total shots = Inf
Total restarts = 31
Average restarts = 0.775 +/- 0.83166499665831

=== All Results ===
Sim	Seed	InitialSeed	Iterations	StoppedEarly	Restarts	RestartSeeds	TotalShots	NTrain	Q_det	Q_rec	Q_last	center_jitter_u1	center_jitter_u2	center_jitter_u3	true_opt_u1	true_opt_u2	true_opt_u3	ell1	ell2	ell3	sigma_f	c
1	714078	714078	100	false	2	1034672212;2025938987	Inf	28	0	0	0	0	0	0	-0	-0	-0	1.4999999999485742	1.4999999999447853	1.4999999999480105	0.30000000000304172	0.38729720427755271
2	849665	849665	100	false	1	1889787779	Inf	68	0.99996361054971339	0.99996361054971339	0.97620898293882785	0	0	0	-0	-0	-0	0.47315973649110599	0.29941759956835856	1.5	0.92603918918160255	0.38730264772893036
3	670733	670733	100	false	0		Inf	112	0.99999677663372222	0.99999677663372222	0.97916019681461786	0	0	0	-0	-0	-0	0.53422070320877812	0.336211464342553	1.5	0.93225510971403591	0.38729728846783062
4	400294	400294	100	false	0		Inf	112	0.99998859874388946	0.99998859874388946	0.98869471038435619	0	0	0	-0	-0	-0	0.61670748601668346	0.3459453481748182	1.5	0.84359782932647231	0.38729814967652015
5	909858	909858	100	false	1	1758539552	Inf	76	0.99998358245077579	0.99998358245077579	0.95805061268441882	0	0	0	-0	-0	-0	0.55409973977553928	0.30179506277882723	1.5	0.91232202517901739	0.38729837397915789
6	473966	473966	100	false	0		Inf	112	0.99999941563061256	0.99999941563061256	0.97561518791697033	0	0	0	-0	-0	-0	0.59744543474454703	0.33238411601498485	1.5	0.94345914522811514	0.38729862401253334
7	981559	981559	100	false	2	630561405;218653978	Inf	12	0.018702545301905071	0.018702545301905071	0	0	0	0	-0	-0	-0	0.086745404553806679	1.5	0.20991406081497208	0.95742997257458817	0.38729465326798213
8	318670	318670	100	false	0		Inf	112	0.99996731717209653	0.99996731717209653	0.97458583046980529	0	0	0	-0	-0	-0	0.57563978222856227	0.30236682265664461	1.5	0.88688382319075942	0.38729822625912275
9	225142	225142	100	false	1	1106645197	Inf	72	0.99983756997196338	0.99983756997196338	0.98360347234268319	0	0	0	-0	-0	-0	0.42925344691885919	0.27280297561800299	1.5	0.84706163290421022	0.38729813030117827
10	359405	359405	100	false	0		Inf	112	0.99997227125222721	0.99997227125222721	0.97689337338516002	0	0	0	-0	-0	-0	0.52894427570380897	0.29288545687382139	1.5	0.85333272982669217	0.38729814911114707
11	250215	250215	100	false	2	1704524963;1075073138	Inf	31	0.99979625535852723	0.99979625535852723	0.87959425448194928	0	0	0	-0	-0	-0	0.25961570729243827	0.18022083774627404	1.5	0.79547713201706238	0.38729834942640673
12	558664	558664	100	false	1	180286684	Inf	75	0.99998389964460865	0.99998389964460865	0.99298128101482253	0	0	0	-0	-0	-0	0.52986456100395285	0.27382310899108275	1.5	0.90118608155551361	0.38729834212473024
13	438880	438880	100	false	0		Inf	112	0.9999970590279379	0.9999970590279379	0.94401109043874831	0	0	0	-0	-0	-0	0.54219608475205994	0.30147968457696822	1.5	0.98502464249588639	0.38729835667237694
14	5937	5937	100	false	1	1142534945	Inf	47	0.99993057136103369	0.99993057136103369	0	0	0	0	-0	-0	-0	0.37414835911957112	0.21868276411658644	1.5	0.85786234457554611	0.38729863926122476
15	615903	615903	100	false	2	1089338301;1103537137	Inf	30	0.23513385130538314	0.23513385130538314	0	0	0	0	-0	-0	-0	0.095249288121383155	1.5	0.9538322990220599	0.86121828817481882	0.38729704641441731
16	150574	150574	100	false	1	1463591902	Inf	56	0.99992121723701111	0.99992121723701111	0.98000123680923412	0	0	0	-0	-0	-0	0.43379072918510841	0.27973490419170061	1.5	0.89628828677535499	0.38729831918881213
17	963284	963284	100	false	0		Inf	112	0.99999856064435477	0.99999856064435477	0.98898070309457831	0	0	0	-0	-0	-0	0.61685049171720063	0.32520378647214765	1.5	0.93896254279142133	0.38729703955142319
18	473867	473867	100	false	1	1826804496	Inf	76	0.99998601097011997	0.99998601097011997	0.9832783541026171	0	0	0	-0	-0	-0	0.51750047041764335	0.3116970597577528	1.5	0.9288226037277818	0.38729833377337503
19	150918	150918	100	false	0		Inf	112	0.99999435919880542	0.99999435919880542	0.99338574340035823	0	0	0	-0	-0	-0	0.47150626799550477	0.29046196882303243	1.5	0.71420018465751345	0.38729833224823557
20	955377	955377	100	false	0		Inf	112	0.99999938120990783	0.99999938120990783	0.94649647027081174	0	0	0	-0	-0	-0	0.51411370727644667	0.29700973547610099	1.5	0.9079756731426003	0.38729836766377457
21	902578	902578	100	false	0		Inf	112	0.99999796103748184	0.99999796103748184	0.95401054518255746	0	0	0	-0	-0	-0	0.57942938729908566	0.30497735217584426	1.5	0.92066614782285761	0.38729825838623061
22	61646	61646	100	false	1	1655990213	Inf	69	0.99998175837520931	0.99998175837520931	0	0	0	0	-0	-0	-0	0.43854172048708207	0.26517292798710279	1.5	0.8767007831478234	0.38731070471520523
23	197255	197255	100	false	1	2055786710	Inf	59	0.99980163809562328	0.99980163809562328	0	0	0	0	-0	-0	-0	0.48502930950042594	0.26459590539098748	1.5	0.8872301948746576	0.38729827495822922
24	462583	462583	100	false	2	1384239112;303901522	Inf	39	0.38689733565211804	0.38689733565211804	0.33646294504686058	0	0	0	-0	-0	-0	0.25711058890708394	0.38457659879775191	1.5	0.82167511268943272	0.38723201619785302
25	184672	184672	100	false	0		Inf	112	0.99999787332640888	0.99999787332640888	0.97591890716405283	0	0	0	-0	-0	-0	0.58975779234889858	0.31747098936717338	1.5	0.9094859503745224	0.38729735144346411
26	831702	831702	100	false	1	1763282658	Inf	76	0.99987844393468339	0.99987844393468339	0.9783531782166921	0	0	0	-0	-0	-0	0.54164820404205138	0.27502673802664518	1.5	0.84975604378398562	0.38729832848924922
27	720308	720308	100	false	0		Inf	112	0.99999722505967237	0.99999722505967237	0.9770201470300357	0	0	0	-0	-0	-0	0.54709534329503107	0.31421808199293222	1.5	0.9210379397637658	0.38729851171440044
28	16729	16729	100	false	0		Inf	112	0.99999441862617733	0.99999441862617733	0.99581715893398304	0	0	0	-0	-0	-0	0.5944795945584137	0.32376827469849473	1.5	0.91076265929130129	0.38729807881418254
29	387749	387749	100	false	2	398482883;1512934640	Inf	23	0.36658765136393934	0.36658765136393934	0.10385952839500572	0	0	0	-0	-0	-0	0.17442136995183272	0.26798450810702557	0.54994348585248776	0.93447400967637229	0.38729865580662709
30	215846	215846	100	false	0		Inf	112	0.99999826127044478	0.99999826127044478	0.99697541455895877	0	0	0	-0	-0	-0	0.53571071704962248	0.29293505754103294	1.5	0.92521624479471631	0.38729858431664632
31	312561	312561	100	false	2	644312005;281055461	Inf	27	0.34218503450491455	0.34218503450491455	0.34583522120622234	0	0	0	-0	-0	-0	0.10597622674127416	1.5	0.18314771721248521	0.71174747482984446	0.38729833872827629
32	749598	749598	100	false	2	147751423;897133937	Inf	12	0.70786927473543781	0.70786927473543781	0.375482822771534	0	0	0	-0	-0	-0	0.5984961415731912	0.23138943969291526	0.079894938884706945	0.95725718716769392	0.38747280316392074
33	631837	631837	100	false	0		Inf	112	0.99999747544277251	0.99999747544277251	0.98643576814787204	0	0	0	-0	-0	-0	0.57207258926566673	0.34567175363532193	1.5	0.84022511031143265	0.38729953490566832
34	746550	746550	100	false	1	955543624	Inf	76	0.9999350605998959	0.9999350605998959	0.99192727831951744	0	0	0	-0	-0	-0	0.46438447468778332	0.26883514873314901	1.5	0.79992301315008629	0.38730649494642361
35	709734	709734	100	false	0		Inf	112	0.99999694615302659	0.99999694615302659	0.98289307796218772	0	0	0	-0	-0	-0	0.53766105596130187	0.29927018404390704	1.5	0.88369699571089377	0.38730218580828618
36	181983	181983	100	false	2	321113119;720464691	Inf	40	0.99446630418675541	0.99446630418675541	0.97607169854334763	0	0	0	-0	-0	-0	0.3301028036815799	0.236264124535676	1.5	0.78082027565088352	0.38729825308084631
37	279125	279125	100	false	0		Inf	112	0.99999849159876875	0.99999849159876875	0.98122647105562966	0	0	0	-0	-0	-0	0.56601197522158286	0.32636427142100677	1.5	0.9296696706203067	0.38729832707054918
38	965652	965652	100	false	0		Inf	112	0.99999594693875227	0.99999594693875227	0.97405302724106979	0	0	0	-0	-0	-0	0.52584096003635095	0.31282868906651867	1.5	0.87586493712662694	0.3872984034511624
39	419030	419030	100	false	2	89738629;1353263053	Inf	36	0.99961215520546653	0.99961215520546653	0.95655230542088276	0	0	0	-0	-0	-0	0.31563148821107673	0.19197777262262722	1.5	0.84715992252454442	0.38729831876092746
40	888571	888571	100	false	0		Inf	112	0.99997728310786549	0.99997728310786549	0.99293840633347707	0	0	0	-0	-0	-0	0.53185173884914416	0.32965186778563238	1.5	0.88667029501035843	0.3872983790553714
