=== TRACE BENCHMARK RESULTS ===
N_shots = 100
n_init = 12
n_iter = 160
num_sims = 40
workers = 4
threshold = 0.99
require_surrogate_confidence = true
stopping_rule = surrogate_then_noisy
score_mode = odd_penalty
confidence_z = 1.0
restart_on_stagnation = true
restart_failure_window = 8
restart_min_active_iter = 16
restart_min_delta = 0.01
restart_disable_lcb = 0.8
restart_max_restarts = 5
restart_seed_policy = reset_local_bo_rng_and_worker_global_rng
kappa = 1.9
path_guard = false
path_guard_init_design = latin_hypercube
path_guard_init_center_exclusion = 0.0
path_guard_init_sobol_skip_max = 2048
decision_q_max = 1.0
path_guard_trust_start_q = 0.7
path_guard_strong_trust_q = 0.9
path_guard_global_scout_period = 7
path_guard_global_scout_frac = 0.15
center_jitter_u_max = 0.0
bound_scale = 0.5
M_acq = 5000
M_rec = 20000
elapsed_seconds = 1646.542375087738

=== RESULTS SUMMARY ===
Early stops = 40 / 40
Average Q_det = 0.9959147368169186 +/- 0.004491759270526098
Median Q_det = 0.9971578215482109
Min Q_det = 0.9791795033652494
Max Q_det = 0.999912423712759
Average log10(1-Q_det) = -2.6341172821226544 +/- 0.5151553614761011
Average iterations = 41.6 +/- 23.403703410642798
Average total shots = 5655.0
Total restarts = 5
Average restarts = 0.125 +/- 0.40430377003131995

=== All Results ===
Sim	Seed	Iterations	StoppedEarly	Restarts	RestartSeeds	TotalShots	NTrain	Q_det	Q_rec	Q_last	center_jitter_u1	center_jitter_u2	center_jitter_u3	true_opt_u1	true_opt_u2	true_opt_u3	ell1	ell2	ell3	sigma_f	c
1	53119	43	true	0		5600	56	0.99954289747735559	1	0.97999999999999998	0	0	0	-0	-0	-0	0.27742031979452714	0.17411915834663358	1.4998500074997501	0.81034893675639164	1.0336595985874721
2	150146	35	true	0		4800	48	0.99742598702543628	1	0.97999999999999998	0	0	0	-0	-0	-0	0.36492494449625784	0.19638509523408931	1.4998500074997501	1.0017672052238815	0.43626497072986026
3	17248	33	true	0		4600	46	0.99957347122114304	1	0.97999999999999998	0	0	0	-0	-0	-0	0.33643014545884964	0.18152349830161618	1.4998500074997501	0.95349722709703133	1.022103173288621
4	175324	15	true	0		2800	28	0.99407892208975757	1	0.71999999999999997	0	0	0	-0	-0	-0	0.31925543278291907	0.32758263930045423	0.76791638553069252	1.0118328995871533	0.050005000250008348
5	277689	44	true	0		5700	57	0.9997097197503988	1	0.95999999999999996	0	0	0	-0	-0	-0	0.34468491091937153	0.19961467560578283	1.4998500074997501	0.87174402885761115	1.393549449098251
6	850678	136	true	2	455245364;617530428	17800	102	0.99505334298047887	1	1	0	0	0	-0	-0	-0	0.39871608384952367	0.30529324887161896	1.4998500074997501	1.4374257113806235	0.94228733470688497
7	848061	27	true	0		4000	40	0.99608434004249646	1	1	0	0	0	-0	-0	-0	0.18656796244199814	0.14430998007713852	1.4998500074997501	0.64911318118519223	0.050005000250008348
8	608768	25	true	0		3800	38	0.99944229770350623	1	0.97999999999999998	0	0	0	-0	-0	-0	0.33122926299203137	0.12071655162964454	1.3659856141920506	0.81133317953755235	0.54591216333746828
9	114546	30	true	0		4300	43	0.99844526916094989	1	0.97999999999999998	0	0	0	-0	-0	-0	0.22788364627384339	0.23872156454749641	1.5	0.85366397919954595	0.7969404801303922
10	260179	38	true	0		5100	51	0.99559856304175864	1	0.87999999999999989	0	0	0	-0	-0	-0	0.2972646481470429	0.15020300630324476	1.4998500074997501	0.87325415828114983	0.69719140206353658
11	555686	29	true	0		4200	42	0.99157070704252037	1	0.93999999999999995	0	0	0	-0	-0	-0	0.26470617022985582	0.086660417879581536	1.4998500074997501	0.71644514229620804	0.66882158799640168
12	826531	31	true	0		4500	45	0.98251550886316175	1	0.95999999999999996	0	0	0	-0	-0	-0	0.18416648746933664	0.099837822794487691	1.4998500074997501	0.67221889777621646	0.050005000250008348
13	487835	37	true	0		5000	50	0.99946555381001878	1	0.83999999999999997	0	0	0	-0	-0	-0	0.233098460452065	0.12825168476895321	1.4998500074997501	0.75743897095250534	0.77538144456666402
14	618633	48	true	0		6100	61	0.99514123107670593	1	1	0	0	0	-0	-0	-0	0.24220739801790986	0.16440513948557081	1.4998500074997501	0.87562855417415864	0.69944866302769315
15	799688	20	true	0		3500	35	0.99695565161879807	1	0.91999999999999993	0	0	0	-0	-0	-0	0.34025600499027314	0.14405959042578587	1.5	0.88159221285404199	0.62684979931731644
16	917017	29	true	0		4200	42	0.99469833967968724	1	0.89999999999999991	0	0	0	-0	-0	-0	0.23644338021864572	0.088298407331882642	1.4998500074997501	0.75407325597379549	0.2250683632057261
17	568190	21	true	0		3500	35	0.99714946186666553	1	0.97999999999999998	0	0	0	-0	-0	-0	0.22515967187524957	0.18864523340295067	1.4998500074997501	0.75624769091397359	0.4120715398210717
18	994296	78	true	0		9200	92	0.99913577142642673	1	1	0	0	0	-0	-0	-0	0.31761273560975767	0.19438201567852492	1.4998500074997501	0.83878319516259914	0.8924071796039178
19	628116	36	true	0		4900	49	0.99991242371275901	1	1	0	0	0	-0	-0	-0	0.30144058017365871	0.19008734622851101	1.4998500074997501	0.96200988162598022	0.80602323122341368
20	153452	35	true	0		4800	48	0.99811045203283211	1	1	0	0	0	-0	-0	-0	0.1999210251807079	0.1491484378862579	1.4998500074997501	0.79436491023218636	0.51876689722131908
21	604886	29	true	0		4200	42	0.97917950336524939	1	0.95999999999999996	0	0	0	-0	-0	-0	0.19592287744609857	0.11379948400699938	1.4998500074997501	0.65900462122962289	0.050005000250008348
22	451042	55	true	0		6900	69	0.99761291045259881	1	1	0	0	0	-0	-0	-0	0.38517419890326576	0.21396294365145069	1.4998500074997501	1.06873993889566	1.0019539445244947
23	397869	45	true	0		5800	58	0.99888857528182318	1	0.95999999999999996	0	0	0	-0	-0	-0	0.24733640156865747	0.18727065382943922	1.4998500074997501	0.82096540130949325	0.65805351198735962
24	930673	46	true	0		5900	59	0.99265694789288939	1	1	0	0	0	-0	-0	-0	0.18795018685532955	0.14233011934238857	1.4998500074997501	0.62263246512290338	0.60745473001704653
25	108078	17	true	0		3000	30	0.99855659873853264	1	0.55999999999999994	0	0	0	-0	-0	-0	1.4998500074997501	0.13021079126658319	0.26330445545011399	0.85483488482816683	0.050005000250008348
26	486922	58	true	1	728888231	8300	40	0.99494418127109252	1	0.95999999999999996	0	0	0	-0	-0	-0	0.30558162838769198	0.16855705969729615	1.4998500074997501	1.0325464775416735	0.62478128368713626
27	570527	38	true	0		5300	53	0.98747807266449228	1	0	0	0	0	-0	-0	-0	0.27579875480033916	0.15890524746023568	1.4998500074997501	0.87333503782187327	0.48427567933573251
28	798859	30	true	0		4300	43	0.99573416928897251	1	0.95999999999999996	0	0	0	-0	-0	-0	0.28571954755339618	0.14838673992144535	1.5	0.93391438742988553	0.85167645927658919
29	897261	36	true	0		4900	49	0.99946278660845533	1	0.89999999999999991	0	0	0	-0	-0	-0	0.27509520685656708	0.19607676825235551	1.4998500074997501	1.051668959706713	0.85301263725010368
30	711342	49	true	0		6400	64	0.99568516363130732	1	0.91999999999999993	0	0	0	-0	-0	-0	0.24112342491900296	0.1551597785587738	1.4998500074997501	0.92883276447264762	0.63461982288984109
31	213144	54	true	0		6800	68	0.99837906070121774	1	1	0	0	0	-0	-0	-0	0.32161437971517659	0.20286945393647868	1.4998500074997501	1.0195499476386978	0.6576671149600164
32	367969	36	true	0		4900	49	0.98997203849205995	1	0.97999999999999998	0	0	0	-0	-0	-0	0.26595465889857778	0.14350732011704573	1.4998500074997501	0.71152287719551077	0.44375505350962247
33	845006	90	true	1	1159689198	11500	77	0.99666851610419871	1	1	0	0	0	-0	-0	-0	0.215563771045473	0.18363846740195999	1.5	0.73534358862405447	0.76236670053009659
34	251894	100	true	1	1496083822	12500	85	0.99716618122975631	1	1	0	0	0	-0	-0	-0	0.40413919276772386	0.22002647182910909	1.5	1.3517610691254955	1.2519420228608329
35	808899	24	true	0		3700	37	0.99895040547268488	1	0.93999999999999995	0	0	0	-0	-0	-0	0.26237551731964065	0.21400721903831435	1.4998500074997501	0.90795268143261509	0.84708335467644535
36	660852	42	true	0		5500	55	0.9994054861187196	1	0.97999999999999998	0	0	0	-0	-0	-0	0.36738104414936912	0.17506795820786539	1.4998500074997501	0.9200140312373325	1.1438658131037143
37	227742	30	true	0		4300	43	0.99630630903575101	1	0.95999999999999996	0	0	0	-0	-0	-0	0.28740398196455341	0.19741072633030726	1.5	0.98083125267207549	0.87289910960022321
38	758307	37	true	0		5200	52	0.99870560658276397	1	0	0	0	0	-0	-0	-0	0.36554993309449341	0.16311845367018582	1.4998500074997501	1.0033716953194267	1.2371208506423106
39	888534	29	true	0		4200	42	0.99382107825523802	1	1	0	0	0	-0	-0	-0	0.27634049791165544	0.16879659026679009	1.4998500074997501	0.88528795773641378	0.58611394985775978
40	445649	29	true	0		4200	42	0.9974059698660851	1	0.97999999999999998	0	0	0	-0	-0	-0	0.23085821405242185	0.17881296655478746	1.4998500074997501	0.81073021569453152	0.050005000250008348
