=== TRACE BENCHMARK RESULTS ===
N_shots = 10000
n_init = 12
n_iter = 100
num_sims = 40
workers = 5
threshold = 1.0
disable_stopping = true
require_surrogate_confidence = true
stopping_rule = surrogate_then_noisy
score_mode = odd_penalty
confidence_z = 0.98
restart_on_stagnation = true
restart_failure_window = 8
restart_min_active_iter = 16
restart_min_delta = 0.01
restart_disable_lcb = 0.8
restart_max_restarts = 5
restart_seed_policy = reset_local_bo_rng_and_worker_global_rng
kappa = 1.9
path_guard = false
path_guard_init_design = latin_hypercube
path_guard_init_center_exclusion = 0.0
path_guard_init_sobol_skip_max = 2048
decision_q_max = 1.0
path_guard_trust_start_q = 0.7
path_guard_strong_trust_q = 0.9
path_guard_global_scout_period = 7
path_guard_global_scout_frac = 0.15
center_jitter_u_max = 0.0
bound_scale = 0.5
freq_span_mode = raw_khz
freq_span_raw_kHz = 10.0
freq_span_2pi_kHz = 1.5915494309189535
fixed_init_seed = 0
gp_diag = false
gp_diag_dir = /Users/caleb/Documents/SQRL/Calibration/QuantumFidelityOptimization/data/gp_diagnostics_freqspan10_bound050_N10000_nostop100_stream_40seeds
gp_diag_grid_n = 101
gp_diag_snapshot_iters = 10,50,100
gp_diag_snapshot_axes = fcl,fsb,amp
gp_diag_every_iter_axes = fcl
stream_seed_outputs = true
seed_progress_csv = /Users/caleb/Documents/SQRL/Calibration/QuantumFidelityOptimization/data/traces_freqspan10_bound050_N10000_nostop100_stream_40seeds/seed_progress.csv
M_acq = 5000
M_rec = 20000
elapsed_seconds = 3165.263388156891

=== RESULTS SUMMARY ===
Early stops = 0 / 40
Average Q_det = 0.9996321146767462 +/- 0.00040943533596392594
Median Q_det = 0.9997238515116569
Min Q_det = 0.9977864740753665
Max Q_det = 0.9999860157177979
Average log10(1-Q_det) = -3.6559412096611767 +/- 0.48647648390928677
Average iterations = 100.0 +/- 0.0
Average total shots = 1.13e6
Total restarts = 0
Average restarts = 0.0 +/- 0.0
Average seed elapsed seconds = 391.1992547035217 +/- 8.540050049214384

=== All Results ===
Sim	Seed	InitialSeed	Iterations	StoppedEarly	Restarts	RestartSeeds	TotalShots	NTrain	Q_det	Q_rec	Q_last	center_jitter_u1	center_jitter_u2	center_jitter_u3	true_opt_u1	true_opt_u2	true_opt_u3	ell1	ell2	ell3	sigma_f	c	ElapsedSeconds
1	714078	714078	100	false	0		1130000	112	0.99947127978276751	0.99940000000000007	0.99680000000000002	0	0	0	-0	-0	-0	0.4733474971969816	0.3113561018884759	1.5	1.047916974589163	0.55301099800967635	398.1279239654541
2	849665	849665	100	false	0		1130000	112	0.999531641241997	0.99960000000000004	0.99840000000000007	0	0	0	-0	-0	-0	0.50739322615603899	0.28030765452966067	1.5	1.1559949445147011	0.84141560420903738	402.84833693504333
3	670733	670733	100	false	0		1130000	112	0.99951095116105493	0.99960000000000004	0.99340000000000006	0	0	0	-0	-0	-0	0.50234146352241427	0.25713601076009096	1.5	1.0709158135030679	0.41806524225635433	405.69276905059814
4	400294	400294	100	false	0		1130000	112	0.99989952038544383	0.99960000000000004	0.99619999999999997	0	0	0	-0	-0	-0	0.44652682185104731	0.29197917167316378	1.5	0.79556019234903852	0.51486391737170889	407.43636107444763
5	909858	909858	100	false	0		1130000	112	0.99946000822190717	0.99920000000000009	0.99960000000000004	0	0	0	-0	-0	-0	0.51914465699799173	0.27421133120530689	1.5	1.0048447901580342	0.050000000000000031	397.42206811904907
6	473966	473966	100	false	0		1130000	112	0.99988479588239576	0.99980000000000002	0.99420000000000008	0	0	0	-0	-0	-0	0.57779819471941507	0.30583114561521679	1.5	1.1229264302919624	0.35839250485236918	402.99286603927612
7	981559	981559	100	false	0		1130000	112	0.99995696954369151	1	0.99280000000000002	0	0	0	-0	-0	-0	0.49591128281695157	0.2892466019937302	1.5	1.0622997279944939	0.5361437377800834	391.45821499824524
8	318670	318670	100	false	0		1130000	112	0.99972881988664586	0.99980000000000002	0.99360000000000015	0	0	0	-0	-0	-0	0.55263115278416297	0.26884638525432858	1.5	1.0593936218290092	0.30396296844377096	393.53372311592102
9	225142	225142	100	false	0		1130000	112	0.99937242237145785	0.99920000000000009	0.99659999999999993	0	0	0	-0	-0	-0	0.44177803320091136	0.27019593151306059	1.5	0.95977821108220918	0.31043859445483607	392.02678298950195
10	359405	359405	100	false	0		1130000	112	0.99994252121661875	1	0.99479999999999991	0	0	0	-0	-0	-0	0.48182948664402442	0.32376011150900708	1.5	1.1149770100726222	0.050000000000001252	399.96580290794373
11	250215	250215	100	false	0		1130000	112	0.99947775194268995	0.99880000000000002	0.99639999999999995	0	0	0	-0	-0	-0	0.46565489050270209	0.30464712031497931	1.5	1.0246267184587952	0.49760067881982645	382.06193804740906
12	558664	558664	100	false	0		1130000	112	0.99975853611732057	1	0.99619999999999997	0	0	0	-0	-0	-0	0.4692022739177435	0.30641013249036736	1.5	0.87150490488156507	0.39573046983555654	410.28164982795715
13	438880	438880	100	false	0		1130000	112	0.99998601571779788	1	0.98580000000000001	0	0	0	-0	-0	-0	0.48562995362422984	0.31837461909419007	1.5	1.1200271031519684	0.7501101780524726	386.01469898223877
14	5937	5937	100	false	0		1130000	112	0.99970167174364588	0.99980000000000002	0.996	0	0	0	-0	-0	-0	0.50914442737466337	0.30087641405001364	1.5	1.1183791553611935	0.41410858240120046	381.00074195861816
15	615903	615903	100	false	0		1130000	112	0.99959562246429601	0.99960000000000004	0.97420000000000007	0	0	0	-0	-0	-0	0.41847941424637358	0.26329564113962273	1.5	0.77023726949265958	0.050000000000000031	391.04666519165039
16	150574	150574	100	false	0		1130000	112	0.99957343196807635	0.99980000000000002	0.99399999999999999	0	0	0	-0	-0	-0	0.47401576731974782	0.24198312538401096	1.5	0.88633695747433028	0.80711560512083036	379.25073981285095
17	963284	963284	100	false	0		1130000	112	0.99966651107378568	0.99960000000000004	0.99599999999999989	0	0	0	-0	-0	-0	0.48874904894441135	0.3100538992005305	1.5	1.0552708492058882	0.050000000000000405	400.09951996803284
18	473867	473867	100	false	0		1130000	112	0.99943006486200958	0.99920000000000009	0.99820000000000009	0	0	0	-0	-0	-0	0.43438488405425296	0.2717188617497393	1.5	0.77470510386113978	0.40254369329503553	385.7843189239502
19	150918	150918	100	false	0		1130000	112	0.99986212890538617	0.99980000000000002	0.998	0	0	0	-0	-0	-0	0.51966717759975367	0.28936351584261372	1.5	1.1100211404006268	0.57557175702469143	392.62624907493591
20	955377	955377	100	false	0		1130000	112	0.99991993094552611	0.99980000000000002	0.9870000000000001	0	0	0	-0	-0	-0	0.54424823694901547	0.29928971797670367	1.5	1.1366040985684305	0.14815877372190098	409.50452709197998
21	902578	902578	100	false	0		1130000	112	0.9996639148987998	0.99980000000000002	0.98740000000000006	0	0	0	-0	-0	-0	0.45875099610932923	0.25977566625879661	1.5	0.95762504891998224	0.050000000000000031	385.32828593254089
22	61646	61646	100	false	0		1130000	112	0.99975781181902923	0.99980000000000002	0.9930000000000001	0	0	0	-0	-0	-0	0.51850958415490844	0.25298198323756388	1.5	0.94428752014126083	0.58843308049355059	388.08807015419006
23	197255	197255	100	false	0		1130000	112	0.99778647407536647	0.99900000000000011	0.997	0	0	0	-0	-0	-0	0.43114663828100958	0.29630356375186551	1.5	0.81120699234125537	0.050000000000000031	379.45506906509399
24	462583	462583	100	false	0		1130000	112	0.99992035908665733	0.99980000000000002	0.99579999999999991	0	0	0	-0	-0	-0	0.48762928747634643	0.27457890128510876	1.5	1.0346970115339371	0.69963796250845889	389.10073399543762
25	184672	184672	100	false	0		1130000	112	0.99864488633768822	0.99820000000000009	0.99180000000000001	0	0	0	-0	-0	-0	0.48033338994189362	0.30477077376306655	1.5	1.0920376962193232	0.80665773986157685	386.92845106124878
26	831702	831702	100	false	0		1130000	112	0.9999011319968597	0.99940000000000007	0.9890000000000001	0	0	0	-0	-0	-0	0.46852045465372472	0.26037288424233163	1.5	0.89984774648344168	0.40449462229438127	381.53451204299927
27	720308	720308	100	false	0		1130000	112	0.9998544483920031	0.99960000000000004	0.99420000000000008	0	0	0	-0	-0	-0	0.52273996926285593	0.28643660428744966	1.5	1.0794423911799977	0.70630460997932709	389.32870507240295
28	16729	16729	100	false	0		1130000	112	0.99978601755234786	0.99980000000000002	0.99900000000000011	0	0	0	-0	-0	-0	0.48229905027504028	0.30213537827880044	1.5	1.0066876525879713	0.59225057936610093	380.5675950050354
29	387749	387749	100	false	0		1130000	112	0.99955955601101398	0.99940000000000007	0.99480000000000002	0	0	0	-0	-0	-0	0.44985891049180932	0.28743029415608251	1.5	0.89378458461948695	0.58193492371308819	393.1618709564209
30	215846	215846	100	false	0		1130000	112	0.99947268189704719	0.99960000000000004	0.99880000000000002	0	0	0	-0	-0	-0	0.47518826760399629	0.30357248997184522	1.5	1.0372993226677532	0.57839135722213186	386.60324501991272
31	312561	312561	100	false	0		1130000	112	0.99957727517718442	0.99940000000000007	0.99700000000000011	0	0	0	-0	-0	-0	0.41943628446551084	0.27848766431083039	1.5	0.89591202988707019	0.34335086841412571	391.06300401687622
32	749598	749598	100	false	0		1130000	112	0.99998026526343931	1	0.99760000000000004	0	0	0	-0	-0	-0	0.4185600765753491	0.24017510840569309	1.5	0.78350286895404131	0.050000000000000031	383.53642201423645
33	631837	631837	100	false	0		1130000	112	0.99984333469548692	1	0.99640000000000006	0	0	0	-0	-0	-0	0.49481347906956502	0.30439235698434219	1.5	1.1361458726139142	0.50014589236618845	390.04791808128357
34	746550	746550	100	false	0		1130000	112	0.99971307330330295	0.99980000000000002	0.9887999999999999	0	0	0	-0	-0	-0	0.51242582677246107	0.28119827093332367	1.5	0.95409957325137074	0.40161353544910172	397.94086503982544
35	709734	709734	100	false	0		1130000	112	0.9999327703793458	0.99980000000000002	0.99619999999999997	0	0	0	-0	-0	-0	0.42504568018677169	0.32602047697028491	1.5	0.95607847994296546	0.53959912300973745	383.4285900592804
36	181983	181983	100	false	0		1130000	112	0.99975106026370264	0.99920000000000009	0.99199999999999999	0	0	0	-0	-0	-0	0.53720388481207049	0.28959756777930862	1.5	1.0247313861910057	0.41303411559021769	392.21448588371277
37	279125	279125	100	false	0		1130000	112	0.99971888313666779	0.99920000000000009	0.99260000000000004	0	0	0	-0	-0	-0	0.50104117729374109	0.28525846577609387	1.5	1.1632589796287969	0.30061299895466614	383.91171193122864
38	965652	965652	100	false	0		1130000	112	0.998868946646433	0.99900000000000011	0.99480000000000002	0	0	0	-0	-0	-0	0.46305851153728339	0.30622244749139588	1.5	0.95612892833245056	0.6233633311872937	386.53306984901428
39	419030	419030	100	false	0		1130000	112	0.99984298644401892	1	0.99340000000000006	0	0	0	-0	-0	-0	0.50557910000553907	0.29227701288493152	1.5	1.0372506825170646	0.6037613781606721	385.74937295913696
40	888571	888571	100	false	0		1130000	112	0.99997811425894556	1	0.99680000000000002	0	0	0	-0	-0	-0	0.4429334914233985	0.29868727765866732	1.5	0.9667339412539776	0.40608827782619616	384.27231192588806
