=== TRACE BENCHMARK RESULTS ===
N_shots = 100
n_init = 12
n_iter = 160
num_sims = 40
workers = 4
threshold = 0.99
require_surrogate_confidence = true
stopping_rule = surrogate_then_noisy
score_mode = odd_penalty
confidence_z = 1.0
restart_on_stagnation = true
restart_failure_window = 8
restart_min_active_iter = 16
restart_min_delta = 0.01
restart_disable_lcb = 0.8
restart_max_restarts = 5
restart_seed_policy = reset_local_bo_rng_and_worker_global_rng
kappa = 1.9
path_guard = false
path_guard_init_design = latin_hypercube
path_guard_init_center_exclusion = 0.0
path_guard_init_sobol_skip_max = 2048
decision_q_max = 1.0
path_guard_trust_start_q = 0.7
path_guard_strong_trust_q = 0.9
path_guard_global_scout_period = 7
path_guard_global_scout_frac = 0.15
center_jitter_u_max = 0.0
M_acq = 5000
M_rec = 20000
elapsed_seconds = 4064.4202511310577

=== RESULTS SUMMARY ===
Early stops = 32 / 40
Average Q_det = 0.9752859926315682 +/- 0.11754311987653747
Median Q_det = 0.9949111747370492
Min Q_det = 0.25115740590423163
Max Q_det = 0.9994015285602678
Average log10(1-Q_det) = -2.304447983314922 +/- 0.5171921312627807
Average iterations = 100.225 +/- 41.63608364794246
Average total shots = 12765.0
Total restarts = 47
Average restarts = 1.175 +/- 1.3566077603289077

=== All Results ===
Sim	Seed	Iterations	StoppedEarly	Restarts	RestartSeeds	TotalShots	NTrain	Q_det	Q_rec	Q_last	center_jitter_u1	center_jitter_u2	center_jitter_u3	true_opt_u1	true_opt_u2	true_opt_u3	ell1	ell2	ell3	sigma_f	c
1	714078	80	true	1	300368642	10500	69	0.99408979805403208	1	0.78000000000000003	0	0	0	-0	-0	-0	0.36857882367826311	0.18951120016801518	1.5	0.93553804109595728	0.64175175818486552
2	849665	93	true	1	2144352402	11800	82	0.99741414085420355	1	0.97999999999999998	0	0	0	-0	-0	-0	0.28094257314160143	0.18675346406967469	1.4998500074997501	0.92856679631344874	0.73443417803353195
3	670733	120	true	2	550883336;1539295699	15700	80	0.99314119928187916	1	0.87999999999999989	0	0	0	-0	-0	-0	0.34141395081660952	0.27015413531921739	1.5	0.99049588023886947	0.92059699429221176
4	400294	152	true	0		16500	165	0.99566130029452504	1	0.97999999999999998	0	0	0	-0	-0	-0	0.42438722168497844	0.25092744216129353	1.4998500074997501	1.1881289135578608	1.0361996836908294
5	909858	76	true	0		9000	90	0.99861428692234566	1	1	0	0	0	-0	-0	-0	0.38276714881990759	0.1756450793951535	1.4998500074997501	0.85676850312630548	0.66706185309362931
6	473966	131	true	2	764065376;1067446203	16900	92	0.98757326685350522	1	0.95999999999999996	0	0	0	-0	-0	-0	0.39380053422883943	0.20425187343770099	1.4998500074997501	1.0658521691748346	0.64341488390791002
7	981559	49	true	0		6200	62	0.99940152856026776	1	0.82000000000000006	0	0	0	-0	-0	-0	0.2971061315618217	0.22025100934089734	1.4998500074997501	0.85939384740069336	0.73887762469096374
8	318670	113	true	0		12600	126	0.99410166482040485	1	1	0	0	0	-0	-0	-0	0.40731383863842408	0.22669195274294593	1.4998500074997501	1.0286186455520303	0.93879936753559168
9	225142	53	true	0		6700	67	0.9967067208266871	1	0	0	0	0	-0	-0	-0	0.23413865393636607	0.15489685839120343	1.4998500074997501	0.87008880561445312	0.22842603297705819
10	359405	47	true	0		6100	61	0.99733735730198836	1	0	0	0	0	-0	-0	-0	0.26320765561008386	0.16381550904312348	1.4998500074997501	0.88774293447092989	0.627155995034688
11	250215	160	false	4	2055556589;2085185337;1825610263;1232209727	22100	54	0.98503815612230905	0.97999999999999998	0.89999999999999991	0	0	0	-0	-0	-0	0.24189122088753526	0.10078310903745476	1.5	0.74357726525508172	0.64776395310127655
12	558664	87	true	1	708687188	11200	60	0.99495217154524607	1	1	0	0	0	-0	-0	-0	0.28976983005557333	0.14962029513032168	1.4998500074997501	0.88139184384432723	0.58834374544058576
13	438880	35	true	0		4800	48	0.97643378531063996	1	0	0	0	0	-0	-0	-0	0.29512233472804056	0.15449448458222081	1.4998500074997501	0.87970286411874732	0.050005000250008348
14	5937	67	true	0		8200	82	0.99772073268509909	1	0.81999999999999995	0	0	0	-0	-0	-0	0.34629215576886557	0.21541704037447071	1.4998500074997501	0.84957809120066952	1.1016008528990535
15	615903	80	true	1	702718897	10500	69	0.99425282064159293	1	0.93999999999999995	0	0	0	-0	-0	-0	0.41004844039738669	0.2167548274525414	1.5	0.95931251982924626	0.88624442657528568
16	150574	106	true	1	428221162	13200	86	0.99748036172927301	1	0	0	0	0	-0	-0	-0	0.3578162068538096	0.20197007455815669	1.4998500074997501	0.89905198695679212	0.70766216467277565
17	963284	33	true	0		4600	46	0.99752834442347538	1	0	0	0	0	-0	-0	-0	0.19937877355774908	0.15531956621139367	1.4998500074997501	0.85872226053684508	0.050005000250008348
18	473867	119	true	1	995542359	14500	106	0.99140404909188351	1	0.97999999999999998	0	0	0	-0	-0	-0	0.30126149711694356	0.2035820876459089	1.4998500074997501	0.89265180743203021	0.6776663001955604
19	150918	65	true	0		7800	78	0.99669281332788306	1	0.93999999999999995	0	0	0	-0	-0	-0	0.24097398004181936	0.16399847917538452	1.4998500074997501	0.67311368874833932	0.64901455139848019
20	955377	41	true	0		5400	54	0.9815184443406183	1	1	0	0	0	-0	-0	-0	0.27367454090013726	0.11588142675972847	1.4998500074997501	0.89355639298991729	0.14671305321381378
21	902578	160	false	1	875627361	18600	127	0.99336128571350135	1	1	0	0	0	-0	-0	-0	0.36022276606014547	0.18661122298985872	1.5	0.99381893182325265	0.82144677952595546
22	61646	70	true	0		8300	83	0.99201313874997865	1	1	0	0	0	-0	-0	-0	0.30374320730279952	0.1604953406253202	1.5	0.93524041084752252	0.40408272531837464
23	197255	160	false	3	545549780;572861326;1301233085	20900	77	0.99906121802648973	1	0.87999999999999989	0	0	0	-0	-0	-0	0.30405855192596659	0.18674742882630427	1.5	0.84261176552666239	0.96245843385798602
24	462583	160	false	4	1935591730;1671346056;1203600900;1197225885	22100	49	0.98999037405273604	1	0.89999999999999991	0	0	0	-0	-0	-0	0.26193845387415388	0.17601792638965938	1.5	0.90101084773026408	0.37967227172187423
25	184672	100	true	2	1636775994;657596534	13700	65	0.99812356600809027	1	0.95999999999999996	0	0	0	-0	-0	-0	0.32079098601758999	0.21353522872396657	1.5	0.85274913494362659	0.74141307535748746
26	831702	83	true	1	1763282658	10900	73	0.99886884379520002	1	1	0	0	0	-0	-0	-0	0.29295612228506068	0.1827609255405537	1.4998500074997501	0.88143923307272742	0.65306717512328027
27	720308	63	true	1	1244431853	8800	52	0.99198667036823418	1	1	0	0	0	-0	-0	-0	0.24140148337395645	0.10767303085372285	1.4998500074997501	0.75336356964245588	0.34664312176390244
28	16729	62	true	0		7500	75	0.99808615581687898	1	0.91999999999999993	0	0	0	-0	-0	-0	0.32437683886149821	0.2135542242583881	1.4998500074997501	0.95809320025451428	0.84515286037538073
29	387749	105	true	2	491401833;908503975	14200	47	0.99583448506423866	1	0.95999999999999996	0	0	0	-0	-0	-0	0.33767117020509924	0.10361884788144192	1.4998500074997501	0.72302372800207904	0.62738606205033653
30	215846	95	true	0		10900	109	0.99760206897838888	1	1	0	0	0	-0	-0	-0	0.36976372545812081	0.19313144061329335	1.4998500074997501	1.0398037694476854	0.8944547548721612
31	312561	160	true	3	1487441212;1929388418;1523682519	20900	75	0.99275901417146517	1	0.93999999999999995	0	0	0	-0	-0	-0	0.33470765287110638	0.21061357826270669	1.5	0.93979328349335878	0.63554488510021179
32	749598	160	false	4	1315266683;185142253;2045162182;186773617	22100	49	0.9867411201259787	1	1	0	0	0	-0	-0	-0	0.29286823155317077	0.18713617270658642	1.5	0.92150750679885562	0.46754838393520837
33	631837	90	true	0		10400	104	0.99920939228984484	1	1	0	0	0	-0	-0	-0	0.41708094566944526	0.20570929081966169	1.5	0.893529844411588	0.82218841481877769
34	746550	106	true	1	1666285554	13100	76	0.99706044166489616	1	0.97999999999999998	0	0	0	-0	-0	-0	0.30840926410119945	0.17914049462230103	1.4998500074997501	0.86925969783317469	0.71266474936356183
35	709734	160	false	3	849330520;1969655736;1845423094	20900	67	0.98454327812805753	1	0.97999999999999998	0	0	0	-0	-0	-0	0.31218815803814132	0.19764880241028759	1.5	0.95832490879245336	0.80357547859807565
36	181983	66	true	1	1933637904	9100	51	0.99487017792885213	1	0.81999999999999995	0	0	0	-0	-0	-0	0.24475955631667889	0.15340686880347276	1.4998500074997501	0.90781283108136057	0.6842913332750914
37	279125	160	false	3	534052259;972703750;334139285	20900	75	0.99586289395789929	1	0.91999999999999993	0	0	0	-0	-0	-0	0.29384415982776285	0.25170778342978389	1.5	0.93135710883568046	0.8534146768115064
38	965652	117	true	0		13100	131	0.9931309483592129	1	1	0	0	0	-0	-0	-0	0.36307281519138157	0.21787517277362187	1.4998500074997501	1.0729131964246026	0.99668596852580482
39	419030	160	false	4	1544286176;301827199;1664653573;584534308	22100	36	0.25115740590423163	0.26000000000000001	0.28000000000000003	0	0	0	-0	-0	-0	0.093452819668278397	0.066826576833682705	0.29372003232759192	0.76288791851576221	0.28129527341585508
40	888571	65	true	0		7800	78	0.99411428317069028	1	1	0	0	0	-0	-0	-0	0.31182709021055838	0.1924590773634432	1.4998500074997501	0.95134088614775858	0.92559277851101263
