=== TRACE BENCHMARK RESULTS ===
N_shots = 1000
n_init = 12
n_iter = 100
num_sims = 40
workers = 5
threshold = 1.0
disable_stopping = true
require_surrogate_confidence = true
stopping_rule = surrogate_then_noisy
score_mode = full_l1
confidence_z = 0.98
restart_on_stagnation = true
restart_failure_window = 8
restart_min_active_iter = 16
restart_min_delta = 0.01
restart_disable_lcb = 0.8
restart_max_restarts = 5
restart_seed_policy = reset_local_bo_rng_and_worker_global_rng
kappa = 1.9
path_guard = false
path_guard_init_design = latin_hypercube
path_guard_init_center_exclusion = 0.0
path_guard_init_sobol_skip_max = 2048
decision_q_max = 1.0
path_guard_trust_start_q = 0.7
path_guard_strong_trust_q = 0.9
path_guard_global_scout_period = 7
path_guard_global_scout_frac = 0.15
center_jitter_u_max = 0.0
bound_scale = 0.5
freq_span_mode = raw_khz
freq_span_raw_kHz = 10.0
freq_span_2pi_kHz = 1.5915494309189535
fixed_init_seed = 0
gp_diag = false
gp_diag_dir = /Users/caleb/Documents/SQRL/Calibration/QuantumFidelityOptimization/data/gp_diagnostics_freqspan10_bound050_full_l1_N1000_nostop100_stream_40seeds
gp_diag_grid_n = 101
gp_diag_snapshot_iters = 10,50,100
gp_diag_snapshot_axes = fcl,fsb,amp
gp_diag_every_iter_axes = fcl
stream_seed_outputs = true
seed_progress_csv = /Users/caleb/Documents/SQRL/Calibration/QuantumFidelityOptimization/data/traces_freqspan10_bound050_full_l1_N1000_nostop100_stream_40seeds/seed_progress.csv
M_acq = 5000
M_rec = 20000
elapsed_seconds = 3189.1825518608093

=== RESULTS SUMMARY ===
Early stops = 0 / 40
Average Q_det = 0.9993922138629227 +/- 0.0007500945541589767
Median Q_det = 0.9996630573540939
Min Q_det = 0.99693528167651
Max Q_det = 0.9999980681749273
Average log10(1-Q_det) = -3.5444303394732244 +/- 0.6444000787063242
Average iterations = 100.0 +/- 0.0
Average total shots = 113000.0
Total restarts = 0
Average restarts = 0.0 +/- 0.0
Average seed elapsed seconds = 390.66576662659645 +/- 6.339240386264921

=== All Results ===
Sim	Seed	InitialSeed	Iterations	StoppedEarly	Restarts	RestartSeeds	TotalShots	NTrain	Q_det	Q_rec	Q_last	center_jitter_u1	center_jitter_u2	center_jitter_u3	true_opt_u1	true_opt_u2	true_opt_u3	ell1	ell2	ell3	sigma_f	c	ElapsedSeconds
1	714078	714078	100	false	0		113000	112	0.99856987487328996	1	0.999	0	0	0	-0	-0	-0	0.52150604287507918	0.32113848446029736	1.5	0.92915293472758131	0.69309988992379346	394.99942398071289
2	849665	849665	100	false	0		113000	112	0.9993668523690703	0.999	0.999	0	0	0	-0	-0	-0	0.55773437818077487	0.3339088288329814	1.5	1.1370718345780295	0.82610744486334431	404.94978404045105
3	670733	670733	100	false	0		113000	112	0.99912611734137247	0.998	0.995	0	0	0	-0	-0	-0	0.51678651889318605	0.33481834596358112	1.5	1.2917070013220742	0.71857162182506773	408.61163806915283
4	400294	400294	100	false	0		113000	112	0.99992140799180596	1	0.999	0	0	0	-0	-0	-0	0.59337293216183284	0.36397607203931676	1.5	1.407101773714442	1.0050632494631697	396.29720497131348
5	909858	909858	100	false	0		113000	112	0.99948996932020251	1	1	0	0	0	-0	-0	-0	0.51403014201409336	0.3234180805232541	1.5	1.139585506455886	0.6837354980007565	399.07859206199646
6	473966	473966	100	false	0		113000	112	0.99978560346109702	1	0.996	0	0	0	-0	-0	-0	0.53302360151579742	0.33546635098016925	1.5	1.2837955184752259	0.61575996412635137	382.14561486244202
7	981559	981559	100	false	0		113000	112	0.99978371255240628	1	0.99299999999999999	0	0	0	-0	-0	-0	0.58344654775842164	0.33269717400420323	1.5	1.2740343675601298	0.94658870423849961	383.50541305541992
8	318670	318670	100	false	0		113000	112	0.99999806817492731	1	0.98499999999999999	0	0	0	-0	-0	-0	0.59485311867850343	0.30318170318746213	1.5	1.2866006763557112	1.1738259458809073	388.5437638759613
9	225142	225142	100	false	0		113000	112	0.99751037728693159	0.999	0.999	0	0	0	-0	-0	-0	0.53547975730287301	0.32589685579684718	1.5	0.9882087161878006	0.89757471256000276	392.60795998573303
10	359405	359405	100	false	0		113000	112	0.99986113726679116	0.999	1	0	0	0	-0	-0	-0	0.53546542354425963	0.33009462854042843	1.5	1.3239911008183829	0.86426131730979916	396.53867793083191
11	250215	250215	100	false	0		113000	112	0.99884661101855066	0.998	0.999	0	0	0	-0	-0	-0	0.48495942064894532	0.31260919515772106	1.5	1.1689343717213525	0.46018768132911808	382.91199803352356
12	558664	558664	100	false	0		113000	112	0.99995335514021089	1	0.998	0	0	0	-0	-0	-0	0.49620023600249263	0.34057163138195579	1.5	1.0395395649310302	0.67068496238053377	386.34123086929321
13	438880	438880	100	false	0		113000	112	0.99971821579302933	0.999	0.98999999999999999	0	0	0	-0	-0	-0	0.6738567975525942	0.32932720389242992	1.5	1.2646328813347976	0.59843323052586184	386.67717003822327
14	5937	5937	100	false	0		113000	112	0.99880166880420107	0.999	0.999	0	0	0	-0	-0	-0	0.52067550388002826	0.38820581537414184	1.5	1.3370494028586721	0.79750930969389278	391.82427501678467
15	615903	615903	100	false	0		113000	112	0.99742741042181882	0.999	0.98799999999999999	0	0	0	-0	-0	-0	0.64779099272609442	0.31328387662195734	1.5	1.276494116138899	0.56820566403099748	396.07111215591431
16	150574	150574	100	false	0		113000	112	0.99931840428062246	0.999	0.997	0	0	0	-0	-0	-0	0.51561902043910912	0.32996228110184572	1.5	1.3414888105184886	0.92326895747620807	383.83350896835327
17	963284	963284	100	false	0		113000	112	0.99955792613973993	1	0.997	0	0	0	-0	-0	-0	0.57998458328866609	0.37311394313406371	1.5	1.2602057120196686	0.66719480383822793	385.55553102493286
18	473867	473867	100	false	0		113000	112	0.99988321121944068	1	0.998	0	0	0	-0	-0	-0	0.48550565107364307	0.34427059168590896	1.5	1.0341742763602253	0.85247102346667736	387.9084038734436
19	150918	150918	100	false	0		113000	112	0.9998218330889167	1	1	0	0	0	-0	-0	-0	0.52655923598666254	0.34729949465620052	1.5	1.1287332178116334	0.67285964966419642	391.71121382713318
20	955377	955377	100	false	0		113000	112	0.99943918228490958	1	0.99399999999999999	0	0	0	-0	-0	-0	0.5213596579030374	0.35340530119423397	1.5	1.188297099710464	0.83730254897028256	397.29423809051514
21	902578	902578	100	false	0		113000	112	0.99981104003479526	1	0.99099999999999999	0	0	0	-0	-0	-0	0.5794738140570399	0.32318788118404801	1.5	1.2415966216315548	0.73599121317253779	385.08599710464478
22	61646	61646	100	false	0		113000	112	0.99939725214680408	0.999	0.996	0	0	0	-0	-0	-0	0.58718415409393721	0.3516160900466897	1.5	1.2623398167683515	0.88924313428100221	389.70941710472107
23	197255	197255	100	false	0		113000	112	0.99982611870057458	1	0.998	0	0	0	-0	-0	-0	0.59821771489406383	0.3315503006352864	1.5	1.3104177847997016	0.79592914959256633	387.5542778968811
24	462583	462583	100	false	0		113000	112	0.99969966317049452	0.999	0.996	0	0	0	-0	-0	-0	0.47624823407866501	0.30057310104803237	1.5	1.1136360831184948	0.59982018356385691	393.63757181167603
25	184672	184672	100	false	0		113000	112	0.99781852517011815	1	0.995	0	0	0	-0	-0	-0	0.57003692147619611	0.34530609039190341	1.5	1.2592155673767711	0.82580523102802394	398.8965380191803
26	831702	831702	100	false	0		113000	112	0.99986201235410888	1	0.99299999999999999	0	0	0	-0	-0	-0	0.53218952895415739	0.34545538788324204	1.5	1.1789480721184982	0.92341626617085193	384.86017894744873
27	720308	720308	100	false	0		113000	112	0.99937548513472485	1	0.998	0	0	0	-0	-0	-0	0.54787507709962946	0.33376069620605653	1.5	1.0782748052002404	0.66862439359774328	386.26840901374817
28	16729	16729	100	false	0		113000	112	0.99980286310930222	0.999	0.999	0	0	0	-0	-0	-0	0.51097082957154116	0.3007700039698526	1.5	1.2017653527290668	0.61433524802941086	388.57045698165894
29	387749	387749	100	false	0		113000	112	0.99944971165433716	0.999	0.94099999999999995	0	0	0	-0	-0	-0	0.58075614425685307	0.31628155275885589	1.5	1.3050175912882729	0.78053533956826038	393.02986407279968
30	215846	215846	100	false	0		113000	112	0.99992003034927235	1	1	0	0	0	-0	-0	-0	0.5888968857422584	0.3285061776599858	1.5	1.2643714591810571	0.78464660706785727	398.50052809715271
31	312561	312561	100	false	0		113000	112	0.99975192713154293	1	0.999	0	0	0	-0	-0	-0	0.54293717588678125	0.35857952314887687	1.5	1.1040583993146971	0.82994204242250269	384.74825406074524
32	749598	749598	100	false	0		113000	112	0.99959713337714029	1	0.997	0	0	0	-0	-0	-0	0.5537646297251716	0.32404050965575332	1.5	1.2977564812572129	0.58163621341344041	389.32867980003357
33	631837	631837	100	false	0		113000	112	0.99937657248132272	0.999	0.997	0	0	0	-0	-0	-0	0.63298600166226671	0.35221675999630719	1.5	1.3091554827669998	1.0959183128992025	387.92973113059998
34	746550	746550	100	false	0		113000	112	0.99950509840913204	0.998	0.99099999999999999	0	0	0	-0	-0	-0	0.53807599398227279	0.29369310812464811	1.5	1.0986147314212369	0.65476345130843328	394.32411479949951
35	709734	709734	100	false	0		113000	112	0.99962645153769314	0.999	0.996	0	0	0	-0	-0	-0	0.53829223454926911	0.36615826435405741	1.5	1.2991893208026553	0.87589350690395906	398.86286497116089
36	181983	181983	100	false	0		113000	112	0.99992668557930509	0.998	0.99399999999999999	0	0	0	-0	-0	-0	0.58175038181617333	0.31707141700510738	1.5	1.2510984829867524	0.89333326459401585	384.65954899787903
37	279125	279125	100	false	0		113000	112	0.99999275066429738	1	0.996	0	0	0	-0	-0	-0	0.50076145816893769	0.31174992329138568	1.5	1.1072970392924453	0.70626882674446345	387.04700517654419
38	965652	965652	100	false	0		113000	112	0.99693528167651002	0.996	0.99399999999999999	0	0	0	-0	-0	-0	0.6009979783957462	0.37136800380585311	1.5	1.3183777763066316	0.6710721553851966	384.51642107963562
39	419030	419030	100	false	0		113000	112	0.99988065135591409	1	0.995	0	0	0	-0	-0	-0	0.54351660839306237	0.32784961830999332	1.5	1.2414099921820745	0.73127466383510664	384.96810817718506
40	888571	888571	100	false	0		113000	112	0.99995236165018897	1	0.998	0	0	0	-0	-0	-0	0.58142163881570097	0.39133930402950701	1.5	1.3318347570731186	0.61663415935489752	386.72594308853149
