=== TRACE BENCHMARK RESULTS ===
N_shots = 500
n_init = 12
n_iter = 100
num_sims = 40
workers = 5
threshold = 1.0
disable_stopping = true
require_surrogate_confidence = true
stopping_rule = surrogate_then_noisy
score_mode = odd_penalty
confidence_z = 0.98
restart_on_stagnation = true
restart_failure_window = 8
restart_min_active_iter = 16
restart_min_delta = 0.01
restart_disable_lcb = 0.8
restart_max_restarts = 5
restart_seed_policy = reset_local_bo_rng_and_worker_global_rng
kappa = 1.9
path_guard = false
path_guard_init_design = latin_hypercube
path_guard_init_center_exclusion = 0.0
path_guard_init_sobol_skip_max = 2048
decision_q_max = 1.0
path_guard_trust_start_q = 0.7
path_guard_strong_trust_q = 0.9
path_guard_global_scout_period = 7
path_guard_global_scout_frac = 0.15
center_jitter_u_max = 0.0
bound_scale = 0.5
freq_span_mode = raw_khz
freq_span_raw_kHz = 10.0
freq_span_2pi_kHz = 1.5915494309189535
fixed_init_seed = 0
gp_diag = false
gp_diag_dir = /Users/caleb/Documents/SQRL/Calibration/QuantumFidelityOptimization/data/gp_diagnostics_freqspan10_bound050_N500_nostop100_stream_40seeds
gp_diag_grid_n = 101
gp_diag_snapshot_iters = 10,50,100
gp_diag_snapshot_axes = fcl,fsb,amp
gp_diag_every_iter_axes = fcl
stream_seed_outputs = true
seed_progress_csv = /Users/caleb/Documents/SQRL/Calibration/QuantumFidelityOptimization/data/traces_freqspan10_bound050_N500_nostop100_stream_40seeds/seed_progress.csv
M_acq = 5000
M_rec = 20000
elapsed_seconds = 3175.0376241207123

=== RESULTS SUMMARY ===
Early stops = 0 / 40
Average Q_det = 0.9988081948433036 +/- 0.0010708821437593354
Median Q_det = 0.9990820958954921
Min Q_det = 0.9950943357196879
Max Q_det = 0.9999441401783336
Average log10(1-Q_det) = -3.1402962198881523 +/- 0.49258302353302774
Average iterations = 100.0 +/- 0.0
Average total shots = 56500.0
Total restarts = 0
Average restarts = 0.0 +/- 0.0
Average seed elapsed seconds = 391.44859300851823 +/- 5.161737413206696

=== All Results ===
Sim	Seed	InitialSeed	Iterations	StoppedEarly	Restarts	RestartSeeds	TotalShots	NTrain	Q_det	Q_rec	Q_last	center_jitter_u1	center_jitter_u2	center_jitter_u3	true_opt_u1	true_opt_u2	true_opt_u3	ell1	ell2	ell3	sigma_f	c	ElapsedSeconds
1	714078	714078	100	false	0		56500	112	0.99972829938900221	1	1	0	0	0	-0	-0	-0	0.46812613144665915	0.30358689363640934	1.5	1.3174498344835344	0.94297350181384676	406.52830600738525
2	849665	849665	100	false	0		56500	112	0.99970729995812324	1	0.98799999999999999	0	0	0	-0	-0	-0	0.43928644245921283	0.2687575010949565	1.5	1.3855824192158022	0.78888209168646295	395.70743298530579
3	670733	670733	100	false	0		56500	112	0.99843288136421249	1	1	0	0	0	-0	-0	-0	0.47147252537758472	0.28117565900487351	1.5	1.3878422559463044	0.73343220725267944	403.28853583335876
4	400294	400294	100	false	0		56500	112	0.99989648420664934	1	1	0	0	0	-0	-0	-0	0.42648511242139647	0.28160912332253829	1.5	1.1173558569460718	0.85100101651784754	397.38856387138367
5	909858	909858	100	false	0		56500	112	0.99987699798487684	1	1	0	0	0	-0	-0	-0	0.43054202942902009	0.23459072965032701	1.5	1.096244638445337	0.84312560935215131	395.827152967453
6	473966	473966	100	false	0		56500	112	0.99901298736329947	1	0.996	0	0	0	-0	-0	-0	0.42035388124973389	0.27488738178702948	1.5	1.3521903384322889	0.8569854412392468	385.63985109329224
7	981559	981559	100	false	0		56500	112	0.99882980228289064	1	0.98799999999999999	0	0	0	-0	-0	-0	0.44254997760521003	0.29272105481660526	1.5	1.2182412167888628	0.8430587625699183	383.70937895774841
8	318670	318670	100	false	0		56500	112	0.99761104897867658	1	0.98799999999999999	0	0	0	-0	-0	-0	0.49152131898337087	0.27827360131430762	1.5	1.3462862949075531	0.57559492438173743	385.73869204521179
9	225142	225142	100	false	0		56500	112	0.99735915087737381	1	0.996	0	0	0	-0	-0	-0	0.42835226471456095	0.2416834033650159	1.5	1.2194860305628163	0.71176086866429988	393.51752805709839
10	359405	359405	100	false	0		56500	112	0.99933895045527577	1	0.996	0	0	0	-0	-0	-0	0.45308052024124851	0.27865408176297296	1.5	1.494685407498793	0.70271565247625156	393.31275606155396
11	250215	250215	100	false	0		56500	112	0.99731672495818147	1	0.996	0	0	0	-0	-0	-0	0.42814160682989516	0.29695609408629969	1.5	1.1771651047561775	0.90007930113016199	386.4946620464325
12	558664	558664	100	false	0		56500	112	0.99722498907979407	0.99199999999999999	0.996	0	0	0	-0	-0	-0	0.49993054629625067	0.30176757160333273	1.5	1.2365997486208693	0.79734986275173891	385.62392091751099
13	438880	438880	100	false	0		56500	112	0.99921248936987228	1	0.99199999999999999	0	0	0	-0	-0	-0	0.4663364691226502	0.28166487662948342	1.5	1.4095992066044181	0.9710977434546425	386.0393500328064
14	5937	5937	100	false	0		56500	112	0.99864701842301817	1	0.996	0	0	0	-0	-0	-0	0.44853215615240677	0.28357134742553153	1.5	1.2720100636205305	0.79891886200920215	394.28555989265442
15	615903	615903	100	false	0		56500	112	0.9998706061018795	1	0.97599999999999998	0	0	0	-0	-0	-0	0.46608498332391984	0.25303041029063739	1.5	1.2975675239820792	0.94658118723194384	395.70522117614746
16	150574	150574	100	false	0		56500	112	0.99994414017833355	1	0.996	0	0	0	-0	-0	-0	0.49532290285813191	0.24029764485959418	1.5	1.1222918132209423	0.89777405385282938	386.96405982971191
17	963284	963284	100	false	0		56500	112	0.99741644556492759	1	0.99199999999999999	0	0	0	-0	-0	-0	0.47579636647622786	0.27483958627217908	1.5	1.3536701113912684	0.7675502239002534	386.5769190788269
18	473867	473867	100	false	0		56500	112	0.99889427275556886	0.99199999999999999	0.99199999999999999	0	0	0	-0	-0	-0	0.4142430119903599	0.28482485641243854	1.5	1.0315718493899488	0.85639508602913861	387.38208198547363
19	150918	150918	100	false	0		56500	112	0.99888595077874054	1	1	0	0	0	-0	-0	-0	0.47535521465568881	0.29384874224780932	1.5	1.331764161054426	0.91727255770926974	394.36431288719177
20	955377	955377	100	false	0		56500	112	0.99838372071819925	1	0.97199999999999998	0	0	0	-0	-0	-0	0.41789983670359665	0.31208754961981688	1.5	1.4210062268704029	0.67111493457804727	392.30887603759766
21	902578	902578	100	false	0		56500	112	0.99975969871574621	1	0.97999999999999998	0	0	0	-0	-0	-0	0.4446826997236632	0.29855322902464554	1.5	1.235379696747011	0.78337639893525612	386.63730192184448
22	61646	61646	100	false	0		56500	112	0.99877662954777724	0.996	0.99199999999999999	0	0	0	-0	-0	-0	0.54391372731324195	0.24109087561919595	1.5	1.1309774081592558	0.7277760571141727	387.10861587524414
23	197255	197255	100	false	0		56500	112	0.99784307708454256	1	0.996	0	0	0	-0	-0	-0	0.42520153688874363	0.28213673247165666	1.5	1.0305286654318129	0.8683835496705441	387.41523194313049
24	462583	462583	100	false	0		56500	112	0.99962753665502058	1	0.99199999999999999	0	0	0	-0	-0	-0	0.44388108784780805	0.25489748757871611	1.5	1.1107122603976016	0.73676395131639061	396.09912204742432
25	184672	184672	100	false	0		56500	112	0.99878027576849615	0.996	0.996	0	0	0	-0	-0	-0	0.44562789964213728	0.31675250709064157	1.5	1.3571650279772853	0.57624136708204243	392.2950611114502
26	831702	831702	100	false	0		56500	112	0.9999018679705044	1	0.96799999999999997	0	0	0	-0	-0	-0	0.46308829564835696	0.28091518002873606	1.5	1.0750229486096374	0.95427912121630343	387.35726690292358
27	720308	720308	100	false	0		56500	112	0.9978606229191852	1	0.98799999999999999	0	0	0	-0	-0	-0	0.42943372341105923	0.28551888486785265	1.5	1.2779623970909002	0.75620980554427519	391.57167506217957
28	16729	16729	100	false	0		56500	112	0.99509433571968786	0.99199999999999999	1	0	0	0	-0	-0	-0	0.46860235518569837	0.25467002996908245	1.5	1.1961851357097668	0.69499926580998928	386.44280695915222
29	387749	387749	100	false	0		56500	112	0.99979750588467087	1	0.99199999999999999	0	0	0	-0	-0	-0	0.4173972209038016	0.26914504095210817	1.5	1.1537980528091702	0.85208898161739455	394.98499202728271
30	215846	215846	100	false	0		56500	112	0.9983144734004501	1	1	0	0	0	-0	-0	-0	0.50651247298247348	0.31888061128682393	1.5	1.3185989835879068	0.93478322165746375	397.27756595611572
31	312561	312561	100	false	0		56500	112	0.99964352637111642	1	1	0	0	0	-0	-0	-0	0.3804560431627757	0.32647931054433749	1.5	1.180755963184976	1.0513246717171707	389.86054801940918
32	749598	749598	100	false	0		56500	112	0.99952942833701819	1	1	0	0	0	-0	-0	-0	0.47215715742837178	0.28038854225044579	1.5	1.3444781803516779	0.97566881909622361	391.28362607955933
33	631837	631837	100	false	0		56500	112	0.99946681826050909	1	1	0	0	0	-0	-0	-0	0.49645400984732774	0.26171468892781025	1.5	1.4197310391048361	0.76496814790938028	392.32171893119812
34	746550	746550	100	false	0		56500	112	0.99947906817606402	1	0.96799999999999997	0	0	0	-0	-0	-0	0.49805851563931997	0.26672704301929867	1.5	1.2143785111951568	0.71453224428507178	396.53515195846558
35	709734	709734	100	false	0		56500	112	0.99926023281604259	0.996	0.996	0	0	0	-0	-0	-0	0.46756644294844246	0.36941483819768567	1.5	1.3661645984816928	0.64093884860261918	398.76546907424927
36	181983	181983	100	false	0		56500	112	0.99915120442768479	1	0.98799999999999999	0	0	0	-0	-0	-0	0.50311250927466444	0.29290642374412657	1.5	1.2315001087407904	0.79263468676911653	389.24197602272034
37	279125	279125	100	false	0		56500	112	0.99984280170344886	1	0.97999999999999998	0	0	0	-0	-0	-0	0.46482108085813617	0.29109266057531918	1.5	1.4069053926671142	0.95157225241715515	389.28012800216675
38	965652	965652	100	false	0		56500	112	0.99753279665421946	1	0.98399999999999999	0	0	0	-0	-0	-0	0.44543476138660737	0.28968427128353219	1.5	1.0764454889005797	0.95012722155213658	389.84952783584595
39	419030	419030	100	false	0		56500	112	0.99744492509071447	0.996	0.99199999999999999	0	0	0	-0	-0	-0	0.4033497426287222	0.29145565144874197	1.5	1.3039935175069699	0.76399149473558392	387.7365870475769
40	888571	888571	100	false	0		56500	112	0.99963070744035387	1	1	0	0	0	-0	-0	-0	0.45735975831587988	0.2746961594636122	1.5	1.1814257154428458	0.84544007078922179	389.47618579864502
