=== TRACE BENCHMARK RESULTS ===
N_shots = 100
n_init = 12
n_iter = 100
num_sims = 40
workers = 5
threshold = 1.0
disable_stopping = true
require_surrogate_confidence = true
stopping_rule = surrogate_then_noisy
score_mode = odd_penalty
confidence_z = 0.98
restart_on_stagnation = true
restart_failure_window = 8
restart_min_active_iter = 16
restart_min_delta = 0.01
restart_disable_lcb = 0.8
restart_max_restarts = 5
restart_seed_policy = reset_local_bo_rng_and_worker_global_rng
kappa = 1.9
path_guard = false
path_guard_init_design = latin_hypercube
path_guard_init_center_exclusion = 0.0
path_guard_init_sobol_skip_max = 2048
decision_q_max = 1.0
path_guard_trust_start_q = 0.7
path_guard_strong_trust_q = 0.9
path_guard_global_scout_period = 7
path_guard_global_scout_frac = 0.15
center_jitter_u_max = 0.0
bound_scale = 0.5
freq_span_mode = raw_khz
freq_span_raw_kHz = 10.0
freq_span_2pi_kHz = 1.5915494309189535
fixed_init_seed = 0
gp_diag = false
gp_diag_dir = /Users/caleb/Documents/SQRL/Calibration/QuantumFidelityOptimization/data/gp_diagnostics_freqspan10_bound050_N100_nostop100_stream_40seeds
gp_diag_grid_n = 101
gp_diag_snapshot_iters = 10,50,100
gp_diag_snapshot_axes = fcl,fsb,amp
gp_diag_every_iter_axes = fcl
stream_seed_outputs = true
seed_progress_csv = /Users/caleb/Documents/SQRL/Calibration/QuantumFidelityOptimization/data/traces_freqspan10_bound050_N100_nostop100_stream_40seeds/seed_progress.csv
M_acq = 5000
M_rec = 20000
elapsed_seconds = 3223.251507997513

=== RESULTS SUMMARY ===
Early stops = 0 / 40
Average Q_det = 0.9970018653962486 +/- 0.0032292362778735284
Median Q_det = 0.9982318929736727
Min Q_det = 0.9848118101766138
Max Q_det = 0.9999513324819703
Average log10(1-Q_det) = -2.7562329258041993 +/- 0.5057077249139308
Average iterations = 100.0 +/- 0.0
Average total shots = 11300.0
Total restarts = 0
Average restarts = 0.0 +/- 0.0
Average seed elapsed seconds = 391.6846935749054 +/- 8.18858670178818

=== All Results ===
Sim	Seed	InitialSeed	Iterations	StoppedEarly	Restarts	RestartSeeds	TotalShots	NTrain	Q_det	Q_rec	Q_last	center_jitter_u1	center_jitter_u2	center_jitter_u3	true_opt_u1	true_opt_u2	true_opt_u3	ell1	ell2	ell3	sigma_f	c	ElapsedSeconds
1	714078	714078	100	false	0		11300	112	0.99826659836175369	1	1	0	0	0	-0	-0	-0	0.45814366816912044	0.31443438628542358	1.5	1.4859087363747261	0.74533040297720454	402.96007680892944
2	849665	849665	100	false	0		11300	112	0.99838368232706953	1	1	0	0	0	-0	-0	-0	0.45168843631677241	0.26837522141830472	1.5	1.5237061089642958	1.029880700503518	413.24026799201965
3	670733	670733	100	false	0		11300	112	0.99844131333387554	1	0.97999999999999998	0	0	0	-0	-0	-0	0.43904002074143877	0.27684660512183196	1.5	1.4935944677136663	0.90820080604122166	399.17838501930237
4	400294	400294	100	false	0		11300	112	0.99817016363564104	1	1	0	0	0	-0	-0	-0	0.47408418430829691	0.24804958173369707	1.5	1.2298087204784491	1.0614060250477366	394.52062082290649
5	909858	909858	100	false	0		11300	112	0.98481181017661379	1	0.95999999999999996	0	0	0	-0	-0	-0	0.41291555660555712	0.2277998746660457	1.5	1.3656990397787567	0.96071398163040755	401.09793496131897
6	473966	473966	100	false	0		11300	112	0.9985537641132225	1	0.97999999999999998	0	0	0	-0	-0	-0	0.43049076960352678	0.24571464969167875	1.5	1.4946335654605047	0.93817290552457333	380.45492005348206
7	981559	981559	100	false	0		11300	112	0.99751026972403267	1	1	0	0	0	-0	-0	-0	0.43175294653221369	0.299019627566049	1.5	1.3321029201249237	0.69157346903328576	385.49606919288635
8	318670	318670	100	false	0		11300	112	0.99939651312856381	1	1	0	0	0	-0	-0	-0	0.42545094258086308	0.29416152545897789	1.5	1.521088201456227	0.79318680765627836	391.20465421676636
9	225142	225142	100	false	0		11300	112	0.99936119391985667	1	1	0	0	0	-0	-0	-0	0.37778314878731128	0.26967399224992605	1.5	1.4508551189611438	0.97896878934013842	389.79306101799011
10	359405	359405	100	false	0		11300	112	0.99631225887539587	1	1	0	0	0	-0	-0	-0	0.44247130457490602	0.30320361638521981	1.5	1.5425928822827613	0.92121110423045738	401.00892400741577
11	250215	250215	100	false	0		11300	112	0.99826904952202788	1	0.97999999999999998	0	0	0	-0	-0	-0	0.39125078797952145	0.34982692758241607	1.5	1.3851479744441351	0.88997855439844908	381.37994194030762
12	558664	558664	100	false	0		11300	112	0.99626689389542444	1	0.97999999999999998	0	0	0	-0	-0	-0	0.4216502884798714	0.26443239043387673	1.5	1.2190342522669342	0.76056792403917994	386.14013981819153
13	438880	438880	100	false	0		11300	112	0.99828546691275866	1	1	0	0	0	-0	-0	-0	0.44939153635683082	0.3836040035927879	1.5	1.5543529320189173	0.85939255027930161	392.01617908477783
14	5937	5937	100	false	0		11300	112	0.99932787813731772	1	1	0	0	0	-0	-0	-0	0.48257912812584453	0.29403886307473148	1.5	1.4310995565159459	1.1569436790181995	391.79280591011047
15	615903	615903	100	false	0		11300	112	0.99896992273134266	1	0.95999999999999996	0	0	0	-0	-0	-0	0.4263028245091105	0.25443890389796286	1.5	1.1357636416286827	0.8913083653344881	402.30572581291199
16	150574	150574	100	false	0		11300	112	0.99933190371250913	1	1	0	0	0	-0	-0	-0	0.50503944220773367	0.27044278386539339	1.5	1.3194724432669005	0.97546297518375469	381.52737402915955
17	963284	963284	100	false	0		11300	112	0.99079946131529462	1	0.97999999999999998	0	0	0	-0	-0	-0	0.48515185421673224	0.2686650268438468	1.5	1.4509377610696623	0.85443872982327318	387.47752618789673
18	473867	473867	100	false	0		11300	112	0.99806634204691469	1	1	0	0	0	-0	-0	-0	0.42964485619244447	0.27079750099741995	1.5	1.2231932691025904	1.0132554498722244	389.26843214035034
19	150918	150918	100	false	0		11300	112	0.9993181753342526	1	1	0	0	0	-0	-0	-0	0.5070216661984952	0.27284413646447131	1.5	1.5918319622943813	0.99651264151886754	393.00670194625854
20	955377	955377	100	false	0		11300	112	0.99919463950688425	1	1	0	0	0	-0	-0	-0	0.42802476180940174	0.30379336076483565	1.5	1.5116716379678306	0.88186808129266658	401.8648099899292
21	902578	902578	100	false	0		11300	112	0.99942700170085153	1	1	0	0	0	-0	-0	-0	0.40904213426138114	0.36405679131310759	1.5	1.3467355106762275	0.69740206822277506	381.97645306587219
22	61646	61646	100	false	0		11300	112	0.99467734900666471	0.97999999999999998	0.95999999999999996	0	0	0	-0	-0	-0	0.54100871561564934	0.26453595670959529	1.5	1.3455466496408766	1.0168314638998635	387.5505268573761
23	197255	197255	100	false	0		11300	112	0.9923020550282593	1	1	0	0	0	-0	-0	-0	0.44555807140298309	0.2792686379483173	1.5	1.2855824114709375	1.0593938611040301	390.62803196907043
24	462583	462583	100	false	0		11300	112	0.99995133248197032	1	1	0	0	0	-0	-0	-0	0.51995471848154151	0.2567777557336996	1.5	1.2786092880448514	0.7791252747353582	391.09358692169189
25	184672	184672	100	false	0		11300	112	0.99279342045251007	0.95999999999999996	1	0	0	0	-0	-0	-0	0.484894161312654	0.32411169566038606	1.5	1.623387724613846	0.89272431399624885	406.69488501548767
26	831702	831702	100	false	0		11300	112	0.99852342605193112	0.97999999999999998	0.93999999999999995	0	0	0	-0	-0	-0	0.40819374910411149	0.29309019114713514	1.5	1.2651065044037517	1.0294095294882313	382.0796639919281
27	720308	720308	100	false	0		11300	112	0.99810685766455776	1	1	0	0	0	-0	-0	-0	0.4658743807810401	0.28956420490639423	1.5	1.4783781204348179	0.90607692971099774	388.73296499252319
28	16729	16729	100	false	0		11300	112	0.99765074550778587	1	1	0	0	0	-0	-0	-0	0.46043873478622671	0.28873241693816531	1.5	1.2708952270095237	0.80371608673590222	391.7989718914032
29	387749	387749	100	false	0		11300	112	0.9968593503421268	1	1	0	0	0	-0	-0	-0	0.5440500584821355	0.19660712373317862	1.5	1.2363484419398061	0.96256674213451288	394.85345220565796
30	215846	215846	100	false	0		11300	112	0.99862434237312203	1	1	0	0	0	-0	-0	-0	0.50564556015406026	0.24845840105132078	1.5	1.3832032626165516	0.82597793266856034	404.34781503677368
31	312561	312561	100	false	0		11300	112	0.99988233800597426	1	0.97999999999999998	0	0	0	-0	-0	-0	0.40531588375871908	0.26668863585102265	1.5	1.2118386566734385	0.9266066583125443	381.72811603546143
32	749598	749598	100	false	0		11300	112	0.99602744051154135	1	1	0	0	0	-0	-0	-0	0.35137633454031991	0.23754459699385166	1.5	1.0858648762628758	0.83346035173016997	388.64761185646057
33	631837	631837	100	false	0		11300	112	0.99812125395570184	1	0.97999999999999998	0	0	0	-0	-0	-0	0.4680869305417536	0.28459104473743713	1.5	1.5306712209237345	0.75715866296560108	391.87658286094666
34	746550	746550	100	false	0		11300	112	0.99972467731295767	1	1	0	0	0	-0	-0	-0	0.44411602682388562	0.24524303997872371	1.5	1.1348920196556158	1.0475639208477885	395.25747418403625
35	709734	709734	100	false	0		11300	112	0.99819718758559151	1	1	0	0	0	-0	-0	-0	0.3758995826963562	0.36027941914883643	1.5	1.413368376943555	0.7920449176221549	402.68022298812866
36	181983	181983	100	false	0		11300	112	0.99015625156294207	0.97999999999999998	1	0	0	0	-0	-0	-0	0.5574503347627614	0.24482281940763986	1.5	1.4218109453435535	0.86241318851271342	381.88446617126465
37	279125	279125	100	false	0		11300	112	0.99351132838970557	0.97999999999999998	1	0	0	0	-0	-0	-0	0.42323686966465729	0.29053710554021622	1.5	1.5566449305764809	0.98107371579801783	385.26467394828796
38	965652	965652	100	false	0		11300	112	0.99240136577937088	0.97999999999999998	1	0	0	0	-0	-0	-0	0.4071119206393678	0.28722951443501837	1.5	1.3371840997204338	0.80698416220594005	385.38874292373657
39	419030	419030	100	false	0		11300	112	0.99767634625738755	1	1	0	0	0	-0	-0	-0	0.44800212758491514	0.34522796307397013	1.5	1.4653203279410389	1.0326941154386964	386.01558709144592
40	888571	888571	100	false	0		11300	112	0.99842324516823233	1	0.97999999999999998	0	0	0	-0	-0	-0	0.39991397340545676	0.27103712509979344	1.5	1.1212959158194011	0.84649516538445535	383.15336203575134
