=== TRACE BENCHMARK RESULTS ===
N_shots = 2000
n_init = 12
n_iter = 100
num_sims = 40
workers = 5
threshold = 1.0
disable_stopping = true
require_surrogate_confidence = true
stopping_rule = surrogate_then_noisy
score_mode = odd_penalty
confidence_z = 0.98
restart_on_stagnation = true
restart_failure_window = 8
restart_min_active_iter = 16
restart_min_delta = 0.01
restart_disable_lcb = 0.8
restart_max_restarts = 5
restart_seed_policy = reset_local_bo_rng_and_worker_global_rng
kappa = 1.9
path_guard = false
path_guard_init_design = latin_hypercube
path_guard_init_center_exclusion = 0.0
path_guard_init_sobol_skip_max = 2048
decision_q_max = 1.0
path_guard_trust_start_q = 0.7
path_guard_strong_trust_q = 0.9
path_guard_global_scout_period = 7
path_guard_global_scout_frac = 0.15
center_jitter_u_max = 0.0
bound_scale = 0.5
freq_span_mode = raw_khz
freq_span_raw_kHz = 10.0
freq_span_2pi_kHz = 1.5915494309189535
fixed_init_seed = 0
gp_diag = false
gp_diag_dir = /Users/caleb/Documents/SQRL/Calibration/QuantumFidelityOptimization/data/gp_diagnostics_freqspan10_bound050_N2000_nostop100_stream_40seeds
gp_diag_grid_n = 101
gp_diag_snapshot_iters = 10,50,100
gp_diag_snapshot_axes = fcl,fsb,amp
gp_diag_every_iter_axes = fcl
stream_seed_outputs = true
seed_progress_csv = /Users/caleb/Documents/SQRL/Calibration/QuantumFidelityOptimization/data/traces_freqspan10_bound050_N2000_nostop100_stream_40seeds/seed_progress.csv
M_acq = 5000
M_rec = 20000
elapsed_seconds = 3201.3612320423126

=== RESULTS SUMMARY ===
Early stops = 0 / 40
Average Q_det = 0.9994819241167183 +/- 0.0005420929939491402
Median Q_det = 0.9996720943849975
Min Q_det = 0.9977505277907767
Max Q_det = 0.9999809597870241
Average log10(1-Q_det) = -3.5202830695239675 +/- 0.4866174361004306
Average iterations = 100.0 +/- 0.0
Average total shots = 226000.0
Total restarts = 0
Average restarts = 0.0 +/- 0.0
Average seed elapsed seconds = 389.2269332766533 +/- 7.345658460717281

=== All Results ===
Sim	Seed	InitialSeed	Iterations	StoppedEarly	Restarts	RestartSeeds	TotalShots	NTrain	Q_det	Q_rec	Q_last	center_jitter_u1	center_jitter_u2	center_jitter_u3	true_opt_u1	true_opt_u2	true_opt_u3	ell1	ell2	ell3	sigma_f	c	ElapsedSeconds
1	714078	714078	100	false	0		226000	112	0.99896027909856111	0.99700000000000011	0.99900000000000011	0	0	0	-0	-0	-0	0.41367178729139026	0.31813861001043819	1.5	1.0877063081494489	0.71589134700768975	392.47407007217407
2	849665	849665	100	false	0		226000	112	0.99896500767100616	0.99800000000000011	0.99500000000000011	0	0	0	-0	-0	-0	0.47066843964004362	0.29770680689453854	1.5	1.3404925911629324	0.7311445668441755	400.49116587638855
3	670733	670733	100	false	0		226000	112	0.99838223387008918	0.99900000000000011	0.99600000000000011	0	0	0	-0	-0	-0	0.51058416201074985	0.24021581465143743	1.5	1.2195169867588036	0.76577380311440513	396.83300304412842
4	400294	400294	100	false	0		226000	112	0.99994561781564906	1	0.99700000000000022	0	0	0	-0	-0	-0	0.47330518499856028	0.25044954713296785	1.5	1.0211315040167812	0.85066484585645952	392.30714893341064
5	909858	909858	100	false	0		226000	112	0.99976348038338536	1	1	0	0	0	-0	-0	-0	0.41683330469489044	0.25570111101089604	1.5	0.91665860074526007	0.89858716008376593	409.04563689231873
6	473966	473966	100	false	0		226000	112	0.99963574572374581	0.99900000000000011	0.99600000000000011	0	0	0	-0	-0	-0	0.53571931314076693	0.28559139944290884	1.5	1.2903517387925203	0.9654661927740209	380.49849891662598
7	981559	981559	100	false	0		226000	112	0.99992276057448615	1	0.9910000000000001	0	0	0	-0	-0	-0	0.47111799890204625	0.29694249685992674	1.5	1.157515675381583	0.71822746990165764	382.50945711135864
8	318670	318670	100	false	0		226000	112	0.99946550663322409	1	0.99300000000000022	0	0	0	-0	-0	-0	0.47054742054625359	0.25923630326417013	1.5	1.1755548536263709	0.44567883025509836	387.04309487342834
9	225142	225142	100	false	0		226000	112	0.99990462253358259	0.99900000000000011	0.99700000000000011	0	0	0	-0	-0	-0	0.44140269681920541	0.25560792343299027	1.5	0.9011758603618788	0.82674135920822156	392.12048411369324
10	359405	359405	100	false	0		226000	112	0.99965799997945282	1	0.99500000000000011	0	0	0	-0	-0	-0	0.4704875873120769	0.29291808511479506	1.5	1.2751941935077198	0.91438615032004589	399.14033484458923
11	250215	250215	100	false	0		226000	112	0.99994430759811859	1	0.99500000000000011	0	0	0	-0	-0	-0	0.47478072610111716	0.2610039400290502	1.5	1.1184072758003447	0.98647182128330624	382.80623698234558
12	558664	558664	100	false	0		226000	112	0.99981710872098162	1	0.99700000000000011	0	0	0	-0	-0	-0	0.42951840781952327	0.31639584682143357	1.5	0.98117154889577751	0.60101525851524484	382.70933318138123
13	438880	438880	100	false	0		226000	112	0.99950938695198444	1	0.9870000000000001	0	0	0	-0	-0	-0	0.48436506736964668	0.3333960696968748	1.5	1.3566310598457598	0.61947454414581193	385.02401995658875
14	5937	5937	100	false	0		226000	112	0.99974632302882405	1	0.996	0	0	0	-0	-0	-0	0.48662501086829374	0.28858570377263998	1.5	1.2792882254900697	0.88722323288814575	389.48234295845032
15	615903	615903	100	false	0		226000	112	0.99941580884780579	0.998	0.97800000000000009	0	0	0	-0	-0	-0	0.44271657131023395	0.25469224471912905	1.5	0.92333375698379561	0.71475976257782359	399.58456802368164
16	150574	150574	100	false	0		226000	112	0.99775052779077666	0.99900000000000011	0.99800000000000011	0	0	0	-0	-0	-0	0.49560348999718079	0.2282565207317982	1.5	1.0230766624605132	0.78712832832383373	380.59805512428284
17	963284	963284	100	false	0		226000	112	0.99990574118250386	1	0.998	0	0	0	-0	-0	-0	0.47790505167040687	0.32050702568266215	1.5	1.2542267457749474	0.7078101544810137	382.10716700553894
18	473867	473867	100	false	0		226000	112	0.99991576739610688	1	0.99700000000000011	0	0	0	-0	-0	-0	0.45511858930946603	0.26293247742021864	1.5	0.87128004482510302	0.87003339520832224	386.33034110069275
19	150918	150918	100	false	0		226000	112	0.9997484761909865	0.99900000000000011	0.99900000000000011	0	0	0	-0	-0	-0	0.57335913898072877	0.2739735752626381	1.5	1.3453926845033868	0.78225411134765255	391.04660606384277
20	955377	955377	100	false	0		226000	112	0.99978400932770284	1	0.98100000000000009	0	0	0	-0	-0	-0	0.4259208604088085	0.31425799625627332	1.5	1.1903969568345805	0.86293217808784717	399.21655821800232
21	902578	902578	100	false	0		226000	112	0.99903651611271704	0.99900000000000011	0.98399999999999999	0	0	0	-0	-0	-0	0.46989845442638667	0.31269572592388917	1.5	1.1363332791012211	0.56993972533395043	381.37549304962158
22	61646	61646	100	false	0		226000	112	0.9996809533923029	1	0.9900000000000001	0	0	0	-0	-0	-0	0.51763083509485919	0.23732926627367726	1.5	1.0722741120268087	0.89830978596111621	383.56483006477356
23	197255	197255	100	false	0		226000	112	0.99989930147462047	1	0.99900000000000011	0	0	0	-0	-0	-0	0.42378812989397147	0.3003862887847189	1.5	0.96376957108982064	0.85497988503373124	386.07664799690247
24	462583	462583	100	false	0		226000	112	0.99920293072387756	1	0.99700000000000011	0	0	0	-0	-0	-0	0.47087581513463656	0.25664271395073146	1.5	1.1249014787701452	0.65958154368247757	392.27086210250854
25	184672	184672	100	false	0		226000	112	0.99849028552134289	0.99800000000000011	0.99199999999999999	0	0	0	-0	-0	-0	0.45526040331022261	0.31598245199035685	1.5	1.2201449113708713	0.8102554096215403	400.38784217834473
26	831702	831702	100	false	0		226000	112	0.99979044188736621	1	0.9840000000000001	0	0	0	-0	-0	-0	0.45422779142056363	0.26956725986829205	1.5	1.0153388869492708	0.83469759972784052	383.00665998458862
27	720308	720308	100	false	0		226000	112	0.99963284515596562	0.99900000000000011	0.99500000000000011	0	0	0	-0	-0	-0	0.46968414324060898	0.29275731319020837	1.5	1.1686071762549168	0.68458151008587298	384.89879894256592
28	16729	16729	100	false	0		226000	112	0.99877849510640471	1	0.998	0	0	0	-0	-0	-0	0.48710424087369703	0.30995690240132939	1.5	1.1828690590901618	0.58587324917618899	387.99785709381104
29	387749	387749	100	false	0		226000	112	0.99966323537769208	1	0.99100000000000021	0	0	0	-0	-0	-0	0.47787264415725805	0.25446995980556558	1.5	1.0531016360606507	0.77909810203440055	391.41810894012451
30	215846	215846	100	false	0		226000	112	0.99813876353350517	0.99700000000000011	0.99900000000000011	0	0	0	-0	-0	-0	0.50497178198104076	0.30841908974837334	1.5	1.1702720236748974	0.69078052318897731	399.89269495010376
31	312561	312561	100	false	0		226000	112	0.99959360356533011	1	0.99800000000000011	0	0	0	-0	-0	-0	0.43024805657953052	0.27717850929921134	1.5	1.0277268970624653	0.59278100287251823	381.88557481765747
32	749598	749598	100	false	0		226000	112	0.99980404622157537	1	0.998	0	0	0	-0	-0	-0	0.43891209626968053	0.25322581732717397	1.5	0.97240008413948398	0.75768929541857188	384.15386700630188
33	631837	631837	100	false	0		226000	112	0.99992766141107525	1	0.99400000000000011	0	0	0	-0	-0	-0	0.52295857225987807	0.28170342055072922	1.5	1.2812417609983988	0.84064031438331777	387.20109105110168
34	746550	746550	100	false	0		226000	112	0.99983994644871699	1	0.9910000000000001	0	0	0	-0	-0	-0	0.4649956712221156	0.25948239537515916	1.5	0.93631413649486428	0.76034740145402124	392.82941198348999
35	709734	709734	100	false	0		226000	112	0.99979294391653717	0.99900000000000011	0.99900000000000011	0	0	0	-0	-0	-0	0.44333257651482483	0.30892411505281259	1.5	1.0987126152318094	0.70254683735527235	401.98504018783569
36	181983	181983	100	false	0		226000	112	0.99998095978702406	1	0.9900000000000001	0	0	0	-0	-0	-0	0.52302469523870554	0.28053414511102637	1.5	1.0888529852491551	0.75524714208874388	382.25744414329529
37	279125	279125	100	false	0		226000	112	0.99952212046626865	0.99900000000000011	0.99400000000000011	0	0	0	-0	-0	-0	0.50956541371420705	0.28099060469782516	1.5	1.248774734874647	0.54051651123219491	384.99723696708679
38	965652	965652	100	false	0		226000	112	0.99910388636623149	0.99900000000000011	0.99500000000000011	0	0	0	-0	-0	-0	0.47406688321701212	0.277967995091012	1.5	1.2615948177652483	0.71606642484492933	383.38039612770081
39	419030	419030	100	false	0		226000	112	0.99934472957830356	0.99900000000000011	0.99100000000000021	0	0	0	-0	-0	-0	0.46684289829348791	0.28465347904136901	1.5	1.1503119089636471	0.64782663734210721	383.63178420066833
40	888571	888571	100	false	0		226000	112	0.99991258730290555	1	0.99700000000000011	0	0	0	-0	-0	-0	0.42423913167541527	0.30679565787873525	1.5	1.1000331340433351	0.69614081051923771	384.49756598472595
