=== TRACE BENCHMARK RESULTS ===
N_shots = 50
n_init = 12
n_iter = 100
num_sims = 40
workers = 5
threshold = 1.0
disable_stopping = true
require_surrogate_confidence = true
stopping_rule = surrogate_then_noisy
score_mode = odd_penalty
confidence_z = 0.98
restart_on_stagnation = true
restart_failure_window = 8
restart_min_active_iter = 16
restart_min_delta = 0.01
restart_disable_lcb = 0.8
restart_max_restarts = 5
restart_seed_policy = reset_local_bo_rng_and_worker_global_rng
kappa = 1.9
path_guard = false
path_guard_init_design = latin_hypercube
path_guard_init_center_exclusion = 0.0
path_guard_init_sobol_skip_max = 2048
decision_q_max = 1.0
path_guard_trust_start_q = 0.7
path_guard_strong_trust_q = 0.9
path_guard_global_scout_period = 7
path_guard_global_scout_frac = 0.15
center_jitter_u_max = 0.0
bound_scale = 0.5
freq_span_mode = raw_khz
freq_span_raw_kHz = 10.0
freq_span_2pi_kHz = 1.5915494309189535
fixed_init_seed = 0
gp_diag = false
gp_diag_dir = /Users/caleb/Documents/SQRL/Calibration/QuantumFidelityOptimization/data/gp_diagnostics_freqspan10_bound050_N50_nostop100_stream_40seeds
gp_diag_grid_n = 101
gp_diag_snapshot_iters = 10,50,100
gp_diag_snapshot_axes = fcl,fsb,amp
gp_diag_every_iter_axes = fcl
stream_seed_outputs = true
seed_progress_csv = /Users/caleb/Documents/SQRL/Calibration/QuantumFidelityOptimization/data/traces_freqspan10_bound050_N50_nostop100_stream_40seeds/seed_progress.csv
M_acq = 5000
M_rec = 20000
elapsed_seconds = 3158.781982898712

=== RESULTS SUMMARY ===
Early stops = 0 / 40
Average Q_det = 0.9967159939500773 +/- 0.0036559077917140558
Median Q_det = 0.997942973339049
Min Q_det = 0.9827905094932818
Max Q_det = 0.9996769192048732
Average log10(1-Q_det) = -2.684189227752527 +/- 0.4186979999956354
Average iterations = 100.0 +/- 0.0
Average total shots = 5650.0
Total restarts = 0
Average restarts = 0.0 +/- 0.0
Average seed elapsed seconds = 390.07091174125674 +/- 4.7375148735406905

=== All Results ===
Sim	Seed	InitialSeed	Iterations	StoppedEarly	Restarts	RestartSeeds	TotalShots	NTrain	Q_det	Q_rec	Q_last	center_jitter_u1	center_jitter_u2	center_jitter_u3	true_opt_u1	true_opt_u2	true_opt_u3	ell1	ell2	ell3	sigma_f	c	ElapsedSeconds
1	714078	714078	100	false	0		5650	112	0.99863366597645464	0.95999999999999996	1	0	0	0	-0	-0	-0	0.42890167450081484	0.23673698944847552	1.5	1.4821065836747522	1.0179706527036454	400.78986191749573
2	849665	849665	100	false	0		5650	112	0.9977831694056154	1	1	0	0	0	-0	-0	-0	0.47348608179008111	0.33993164859572328	1.5	1.6655154034928006	0.7191596956122186	394.73700904846191
3	670733	670733	100	false	0		5650	112	0.99848312441728582	1	1	0	0	0	-0	-0	-0	0.43367088196132292	0.2735589284473382	1.5	1.5239875593642254	0.98642044168946263	390.22601294517517
4	400294	400294	100	false	0		5650	112	0.99932047259388956	1	0.95999999999999996	0	0	0	-0	-0	-0	0.48759883409275767	0.24005783175932607	1.5	1.4945701517429133	0.84526596570393386	399.58175492286682
5	909858	909858	100	false	0		5650	112	0.99767545682174763	1	1	0	0	0	-0	-0	-0	0.43248956849863812	0.19567810224978424	1.5	1.0944800403721742	0.86800366286580943	390.58049392700195
6	473966	473966	100	false	0		5650	112	0.99967691920487323	1	0.87999999999999989	0	0	0	-0	-0	-0	0.49596917960202741	0.24646746504846284	1.5	1.4704216203397675	1.0482183920107027	385.15160489082336
7	981559	981559	100	false	0		5650	112	0.9987577154167413	1	0.95999999999999996	0	0	0	-0	-0	-0	0.39552017279776941	0.24680768068609826	1.5	1.124399003985882	0.74073360015696255	383.18001294136047
8	318670	318670	100	false	0		5650	112	0.9985967322483742	1	0.91999999999999993	0	0	0	-0	-0	-0	0.47977971397985236	0.21601248119708899	1.5	1.4952137842624997	0.90081284182177379	389.14503192901611
9	225142	225142	100	false	0		5650	112	0.9869951257489068	1	0.87999999999999989	0	0	0	-0	-0	-0	0.47976498516865801	0.28866954048101934	1.5	1.3131998389876098	1.0786316126148379	390.45588803291321
10	359405	359405	100	false	0		5650	112	0.98279050949328184	0.95999999999999996	1	0	0	0	-0	-0	-0	0.4110791785808709	0.29257988838811222	1.5	1.6641974784602973	0.85213913292503241	391.61824607849121
11	250215	250215	100	false	0		5650	112	0.9942354621125632	1	1	0	0	0	-0	-0	-0	0.38767822493954335	0.34031916384270977	1.5	1.3030606063623773	0.74505809604091555	382.77164697647095
12	558664	558664	100	false	0		5650	112	0.99878948313359672	1	1	0	0	0	-0	-0	-0	0.46168989350613576	0.2647038318935338	1.5	1.2186246559912155	0.87407083754616555	384.24088096618652
13	438880	438880	100	false	0		5650	112	0.99905085526608883	1	0.95999999999999996	0	0	0	-0	-0	-0	0.69159448095382425	0.29332376925504527	1.5	1.7469457558642643	0.83670597970050953	388.83771204948425
14	5937	5937	100	false	0		5650	112	0.99743369364210566	1	1	0	0	0	-0	-0	-0	0.35651645262887099	0.28450519644606787	1.5	1.3378635134783203	0.78817478291915544	391.92276811599731
15	615903	615903	100	false	0		5650	112	0.99806909560059032	1	0.95999999999999996	0	0	0	-0	-0	-0	0.51198882776847021	0.25405359586198689	1.5	1.4580146833907832	1.0911861644258163	391.01094794273376
16	150574	150574	100	false	0		5650	112	0.99946741326692345	1	1	0	0	0	-0	-0	-0	0.48797822503525479	0.22430918578259462	1.5	1.2971371502798696	1.0856507249199159	383.23387598991394
17	963284	963284	100	false	0		5650	112	0.99931802324555452	1	1	0	0	0	-0	-0	-0	0.50978518470618672	0.30607765114760455	1.5	1.4901064923902796	0.92469462092834132	385.85083413124084
18	473867	473867	100	false	0		5650	112	0.99770046044737648	1	1	0	0	0	-0	-0	-0	0.46091959993672704	0.29056062937914084	1.5	1.3506720886361108	0.82252920096684357	387.91914200782776
19	150918	150918	100	false	0		5650	112	0.99695136939779672	1	1	0	0	0	-0	-0	-0	0.44970290094923043	0.26174518797740937	1.5	1.5441835130544925	1.1033921020330575	392.98210191726685
20	955377	955377	100	false	0		5650	112	0.99874124393373676	1	0.95999999999999996	0	0	0	-0	-0	-0	0.30984105855255145	0.31902410136886039	1.5	1.5053968427000963	0.76616277213696149	391.94982004165649
21	902578	902578	100	false	0		5650	112	0.99827270220971775	1	1	0	0	0	-0	-0	-0	0.48402760969987058	0.23843842714160313	1.5	1.395670746457947	0.90902541990351415	383.11516499519348
22	61646	61646	100	false	0		5650	112	0.99781685107750773	1	0.91999999999999993	0	0	0	-0	-0	-0	0.45257425903104276	0.33298547146400231	1.5	1.5526754445781874	1.0914764085856055	385.04692006111145
23	197255	197255	100	false	0		5650	112	0.99600451837556836	1	1	0	0	0	-0	-0	-0	0.43723698775798381	0.29109105300942606	1.5	1.1422269310856139	0.93729238722674713	389.17165207862854
24	462583	462583	100	false	0		5650	112	0.99707599423590898	1	0.95999999999999996	0	0	0	-0	-0	-0	0.49669035698657399	0.26025250172679709	1.5	1.2832650659554796	0.90683211366250549	393.24202990531921
25	184672	184672	100	false	0		5650	112	0.99536081224567186	1	1	0	0	0	-0	-0	-0	0.39878367260904307	0.40488457327638427	1.5	1.6924568005958978	0.87418717853698791	393.51277494430542
26	831702	831702	100	false	0		5650	112	0.99283767881844631	0.95999999999999996	1	0	0	0	-0	-0	-0	0.44261460633737298	0.31738208297813719	1.5	1.4040505026387231	0.89137349076833772	384.27884602546692
27	720308	720308	100	false	0		5650	112	0.99719740961992898	1	0.91999999999999993	0	0	0	-0	-0	-0	0.41967978385845417	0.27962079303256138	1.5	1.3416543122313882	1.0387009189167749	388.23319792747498
28	16729	16729	100	false	0		5650	112	0.99807277967716235	1	1	0	0	0	-0	-0	-0	0.3694889743333748	0.24398950771421468	1.5	1.2434326556884685	0.97578453857844538	391.46622014045715
29	387749	387749	100	false	0		5650	112	0.99837796605438456	1	1	0	0	0	-0	-0	-0	0.43617863390625661	0.21643760258588937	1.5	1.2855468184326979	0.88280298401004753	397.08071613311768
30	215846	215846	100	false	0		5650	112	0.99293342017027608	1	0.87999999999999989	0	0	0	-0	-0	-0	0.44634225177769804	0.2823517860898202	1.5	1.3655648910398472	0.9053808681155634	396.50384402275085
31	312561	312561	100	false	0		5650	112	0.98862879486343969	1	1	0	0	0	-0	-0	-0	0.44519996666981682	0.28564471875953401	1.5	1.4830900749885498	0.97931879976479774	386.14752388000488
32	749598	749598	100	false	0		5650	112	0.99914931278692376	1	1	0	0	0	-0	-0	-0	0.43470371950622827	0.19999888381065245	1.5	1.295552983120462	0.92888037455692229	390.52116394042969
33	631837	631837	100	false	0		5650	112	0.9994284422730042	1	1	0	0	0	-0	-0	-0	0.55930468152743384	0.34227595115959103	1.5	1.7945107360516523	1.0258497931361079	393.19340205192566
34	746550	746550	100	false	0		5650	112	0.99934149941571915	1	1	0	0	0	-0	-0	-0	0.56274299238267134	0.26760373102574048	1.5	1.478309494536348	1.0053344357354779	397.34920597076416
35	709734	709734	100	false	0		5650	112	0.99220096845669814	1	1	0	0	0	-0	-0	-0	0.36054131945911749	0.37548420106207298	1.5	1.5087201062529427	0.79521591771711087	398.19973397254944
36	181983	181983	100	false	0		5650	112	0.99964391199779812	1	0.95999999999999996	0	0	0	-0	-0	-0	0.55745950700789226	0.1954099651847479	1.5	1.2347311529852689	0.88629301418411455	387.69157886505127
37	279125	279125	100	false	0		5650	112	0.99630006183107023	1	1	0	0	0	-0	-0	-0	0.4609756046048456	0.3082210827192165	1.5	1.6001362857328121	0.90797168660318495	388.76241707801819
38	965652	965652	100	false	0		5650	112	0.99746451497252753	1	0.95999999999999996	0	0	0	-0	-0	-0	0.40008056402527015	0.32340747191203062	1.5	1.3081324552397646	0.98914225470804984	388.89072489738464
39	419030	419030	100	false	0		5650	112	0.99893600037025032	1	0.95999999999999996	0	0	0	-0	-0	-0	0.47259748591059164	0.27090865345966741	1.5	1.3832947850203849	1.158981500877093	388.18270206451416
40	888571	888571	100	false	0		5650	112	0.99512612717757654	1	1	0	0	0	-0	-0	-0	0.48458999765673011	0.29443640331255744	1.5	1.2856121170071342	0.92325410137792618	386.06100392341614
