=== TRACE BENCHMARK RESULTS ===
N_shots = 100
n_init = 12
n_iter = 160
num_sims = 40
workers = 5
threshold = 0.99
require_surrogate_confidence = true
stopping_rule = surrogate_then_noisy
score_mode = odd_penalty
confidence_z = 1.0
restart_on_stagnation = true
restart_failure_window = 8
restart_min_active_iter = 16
restart_min_delta = 0.01
restart_disable_lcb = 0.8
restart_max_restarts = 5
restart_seed_policy = reset_local_bo_rng_and_worker_global_rng
kappa = 1.9
path_guard = false
path_guard_init_design = latin_hypercube
path_guard_init_center_exclusion = 0.0
path_guard_init_sobol_skip_max = 2048
decision_q_max = 1.0
path_guard_trust_start_q = 0.7
path_guard_strong_trust_q = 0.9
path_guard_global_scout_period = 7
path_guard_global_scout_frac = 0.15
center_jitter_u_max = 0.0
bound_scale = 0.5
freq_span_mode = raw_khz
freq_span_raw_kHz = 10.0
freq_span_2pi_kHz = 1.5915494309189535
fixed_init_seed = 0
M_acq = 5000
M_rec = 20000
elapsed_seconds = 1954.2842109203339

=== RESULTS SUMMARY ===
Early stops = 40 / 40
Average Q_det = 0.9956967156723591 +/- 0.0038002729907672833
Median Q_det = 0.996548980279057
Min Q_det = 0.9806748728128563
Max Q_det = 0.999825602197767
Average log10(1-Q_det) = -2.5317553418683008 +/- 0.42404882422374773
Average iterations = 34.9 +/- 12.723489281135874
Average total shots = 4857.5
Total restarts = 0
Average restarts = 0.0 +/- 0.0

=== All Results ===
Sim	Seed	InitialSeed	Iterations	StoppedEarly	Restarts	RestartSeeds	TotalShots	NTrain	Q_det	Q_rec	Q_last	center_jitter_u1	center_jitter_u2	center_jitter_u3	true_opt_u1	true_opt_u2	true_opt_u3	ell1	ell2	ell3	sigma_f	c
1	714078	714078	37	true	0		5000	50	0.99837762665916963	1	0.91999999999999993	0	0	0	-0	-0	-0	0.27384579646184537	0.2495178097321864	1.4998500074997501	0.84173751759944793	1.1569334860065068
2	849665	849665	31	true	0		4400	44	0.99617461508789562	1	1	0	0	0	-0	-0	-0	0.33798465863943217	0.21317288770455015	1.4998500074997501	1.0195779063874799	0.91700513633870417
3	670733	670733	30	true	0		4400	44	0.98548230704752782	1	0.93999999999999995	0	0	0	-0	-0	-0	0.42362772394160597	0.27496503958344187	1.5	1.0844924260243443	0.87555358906961345
4	400294	400294	30	true	0		4300	43	0.99732847030067195	1	0.95999999999999996	0	0	0	-0	-0	-0	0.32144056209386923	0.18412970857400141	1.5	0.80162403493461132	0.89258328695770472
5	909858	909858	64	true	0		8000	80	0.99207600869019341	1	0.95999999999999996	0	0	0	-0	-0	-0	0.40083135097140499	0.2094048666593375	1.4998500074997501	1.1337899658150585	0.91156031568937745
6	473966	473966	22	true	0		3600	36	0.99729613957898133	1	0.97999999999999998	0	0	0	-0	-0	-0	0.39181816796233099	0.19955513717793769	1.4998500074997501	0.9183282949564372	0.4260674505195613
7	981559	981559	28	true	0		4100	41	0.99935029110268758	1	0.97999999999999998	0	0	0	-0	-0	-0	0.25355659381233564	0.2007532187524364	1.4998500074997501	0.8193798626454698	0.050005000250008348
8	318670	318670	26	true	0		3900	39	0.9923217409730366	1	0.97999999999999998	0	0	0	-0	-0	-0	0.3214432442108956	0.22833890266463347	1.4998500074997501	0.92444939967159512	0.76728369908187311
9	225142	225142	36	true	0		4900	49	0.99648650476892286	1	0.93999999999999995	0	0	0	-0	-0	-0	0.33137779605747342	0.23351726055043129	1.4998500074997501	0.9928011574856983	0.88213880918897059
10	359405	359405	30	true	0		4300	43	0.99358518059389778	1	1	0	0	0	-0	-0	-0	0.32483449581868873	0.24232183189653322	1.5	1.0723473603197238	0.23092729415956093
11	250215	250215	25	true	0		4000	40	0.99321319612726811	1	0	0	0	0	-0	-0	-0	0.26365246999920272	0.22619860676100417	1.4998500074997501	0.81230557268074521	0.050005000250008348
12	558664	558664	68	true	0		8100	81	0.99146643840370607	1	1	0	0	0	-0	-0	-0	0.38853467330898395	0.25427281462972534	1.4998500074997501	1.0896710814698181	0.87949990106830123
13	438880	438880	25	true	0		3900	39	0.99982560219776695	1	0.95999999999999996	0	0	0	-0	-0	-0	0.30362811736984219	0.31547700253126121	1.4998500074997501	1.0179406743929642	0.77252443603381293
14	5937	5937	30	true	0		4300	43	0.99916507733818827	1	0	0	0	0	-0	-0	-0	0.32988297436847658	0.15943498640438367	1.5	1.0521734361948876	0.14593227220840951
15	615903	615903	18	true	0		3200	32	0.99637713155926244	1	0.58000000000000007	0	0	0	-0	-0	-0	1.4998500074997501	0.080423697974471603	0.34679917416418393	0.76709819460594009	0.050005000250008348
16	150574	150574	30	true	0		4500	45	0.9975638351287478	1	0.80000000000000004	0	0	0	-0	-0	-0	0.38988512580819512	0.21724616971641275	1.5	0.91237185418013877	0.8825453672806346
17	963284	963284	33	true	0		4700	47	0.99542960871604091	1	0.91999999999999993	0	0	0	-0	-0	-0	0.39061496356829944	0.21145014778756002	1.4998500074997501	0.96766404790593274	0.69246052999034713
18	473867	473867	22	true	0		3500	35	0.98067487281285626	1	0.97999999999999998	0	0	0	-0	-0	-0	0.29701058377594591	0.13278839191372191	1.4998500074997501	0.73411849518857386	0.050005000250008348
19	150918	150918	36	true	0		4900	49	0.99852470140086313	1	0.95999999999999996	0	0	0	-0	-0	-0	0.38035190530661789	0.194159182230705	1.4998500074997501	0.99139468297845423	0.86600023978812191
20	955377	955377	14	true	0		2700	27	0.99365008236497043	1	0.95999999999999996	0	0	0	-0	-0	-0	0.2451321123118898	0.23912678337502835	1.4998500074997501	0.84511310226155945	0.050005000250008348
21	902578	902578	30	true	0		4700	47	0.99604034681477427	1	0.95999999999999996	0	0	0	-0	-0	-0	0.36497464479932318	0.22794591937573339	1.5	0.9575550806939489	0.76804829108481332
22	61646	61646	41	true	0		5400	54	0.99672507065850224	1	1	0	0	0	-0	-0	-0	0.41444719618063813	0.1898879121640295	1.4998500074997501	0.9494562217278022	0.62092723004538419
23	197255	197255	33	true	0		4600	46	0.99793550479613968	1	1	0	0	0	-0	-0	-0	0.31952465402520014	0.22177987534576188	1.4998500074997501	0.82048714851686433	0.76299505563851844
24	462583	462583	35	true	0		4900	49	0.99621482389989247	1	1	0	0	0	-0	-0	-0	0.39936397236007426	0.16873983688784053	1.4998500074997501	0.85577222741421988	1.1273039343160975
25	184672	184672	47	true	0		6400	64	0.99323642509328069	1	0	0	0	0	-0	-0	-0	0.35458274774035625	0.26428850316874225	1.4998500074997501	1.0523697791682651	0.92716414730918817
26	831702	831702	45	true	0		5800	58	0.99818956067568132	1	0.95999999999999996	0	0	0	-0	-0	-0	0.31585566497891243	0.2296966494163315	1.4998500074997501	0.91527157831864114	0.87769686044986372
27	720308	720308	40	true	0		5400	54	0.99945121075778898	1	1	0	0	0	-0	-0	-0	0.41211404204841406	0.21993403347881374	1.5	1.0701620445152789	1.0224985196405636
28	16729	16729	42	true	0		5600	56	0.99959142220648967	1	0.95999999999999996	0	0	0	-0	-0	-0	0.39211961071989032	0.25437167911726072	1.4998500074997501	0.9419624357785954	0.92373118296719747
29	387749	387749	74	true	0		8800	88	0.99720496182685103	1	0.93999999999999995	0	0	0	-0	-0	-0	0.50822403312496589	0.18485678995041332	1.4998500074997501	1.1507629077288033	0.98206345086436353
30	215846	215846	26	true	0		3900	39	0.99898146249675701	1	0.83999999999999997	0	0	0	-0	-0	-0	0.3485938254247139	0.18771197183709909	1.4998500074997501	0.85440513898361392	0.29260873859802528
31	312561	312561	35	true	0		4800	48	0.9975211203781349	1	0	0	0	0	-0	-0	-0	0.29211944833339826	0.20960221487981739	1.4998500074997501	0.88717551461121669	1.1130928307085541
32	749598	749598	31	true	0		4400	44	0.99229882060237939	1	1	0	0	0	-0	-0	-0	0.24574012793067876	0.17237188466406264	1.4998500074997501	0.76741457704876281	0.7221998070632889
33	631837	631837	27	true	0		4100	41	0.99562884787770023	1	0.89999999999999991	0	0	0	-0	-0	-0	0.4164719494138423	0.2318535882905372	1.4998500074997501	1.0827755693783716	0.050005000250008348
34	746550	746550	49	true	0		6300	63	0.99863521354078422	1	0.91999999999999993	0	0	0	-0	-0	-0	0.33200825273898099	0.19949424980934163	1.4998500074997501	0.83839975097137631	0.83719610820243284
35	709734	709734	30	true	0		4300	43	0.99879915307126987	1	1	0	0	0	-0	-0	-0	0.3202925147619029	0.2706716392520051	1.5	0.88326321843814881	0.57788962173771186
36	181983	181983	31	true	0		4400	44	0.99338919871076692	1	1	0	0	0	-0	-0	-0	0.43848619550741558	0.18439288509723487	1.4998500074997501	0.89640737688375094	0.5726080695635295
37	279125	279125	53	true	0		6600	66	0.99661145578919119	1	1	0	0	0	-0	-0	-0	0.38883446613982825	0.26070756658759431	1.4998500074997501	1.2379684797330734	0.91452061707117194
38	965652	965652	33	true	0		4700	47	0.99533187205390639	1	0.97999999999999998	0	0	0	-0	-0	-0	0.29817236749136483	0.22445505381458764	1.4998500074997501	0.8877770583247877	0.52962195752569519
39	419030	419030	21	true	0		3400	34	0.99388156444136944	1	1	0	0	0	-0	-0	-0	0.31837282033390257	0.28859183801336269	1.4998500074997501	0.90114626774862361	0.050005000250008348
40	888571	888571	38	true	0		5100	51	0.99783116035005959	1	0.97999999999999998	0	0	0	-0	-0	-0	0.27064945281061348	0.20508187487429635	1.4998500074997501	0.78411898949226488	0.96278224333654783
