=== TRACE BENCHMARK RESULTS ===
N_shots = 100
n_init = 12
n_iter = 160
num_sims = 40
workers = 2
threshold = 0.99
require_surrogate_confidence = true
stopping_rule = surrogate_then_noisy
score_mode = odd_penalty
confidence_z = 1.0
restart_on_stagnation = true
restart_failure_window = 8
restart_min_active_iter = 16
restart_min_delta = 0.01
restart_disable_lcb = 0.8
restart_max_restarts = 5
restart_seed_policy = reset_local_bo_rng_and_worker_global_rng
kappa = 1.9
path_guard = false
path_guard_init_design = latin_hypercube
path_guard_init_center_exclusion = 0.0
path_guard_init_sobol_skip_max = 2048
decision_q_max = 1.0
path_guard_trust_start_q = 0.7
path_guard_strong_trust_q = 0.9
path_guard_global_scout_period = 7
path_guard_global_scout_frac = 0.15
center_jitter_u_max = 0.0
bound_scale = 1.0
freq_span_mode = raw_khz
freq_span_raw_kHz = 10.0
freq_span_2pi_kHz = 1.5915494309189535
fixed_init_seed = 0
M_acq = 5000
M_rec = 20000
elapsed_seconds = 6435.668715000153

=== RESULTS SUMMARY ===
Early stops = 31 / 40
Average Q_det = 0.9639119481757662 +/- 0.14397935624514546
Median Q_det = 0.9965051480354102
Min Q_det = 0.20568354561346533
Max Q_det = 0.9997944465230073
Average log10(1-Q_det) = -2.4402566255437614 +/- 0.677069956576404
Average iterations = 99.55 +/- 43.43928860918184
Average total shots = 11297.5
Total restarts = 38
Average restarts = 0.95 +/- 1.0609623111312794

=== All Results ===
Sim	Seed	InitialSeed	Iterations	StoppedEarly	Restarts	RestartSeeds	TotalShots	NTrain	Q_det	Q_rec	Q_last	center_jitter_u1	center_jitter_u2	center_jitter_u3	true_opt_u1	true_opt_u2	true_opt_u3	ell1	ell2	ell3	sigma_f	c
1	714078	714078	160	false	3	1292051539;154021589;810729027	17300	42	0.9986847649145143	1	0	0	0	0	-0	-0	-0	0.30624097102673836	0.14185066874361407	1.5	0.89085326522261155	0.050000000000000031
2	849665	849665	136	true	2	778937165;657684554	14900	67	0.99749349135914367	1	0	0	0	0	-0	-0	-0	0.41877931912029059	0.15224636839473632	1.4998500074997501	0.88119998655545972	0.6054074728534109
3	670733	670733	160	false	3	550883336;642391802;1148723340	17300	46	0.99432392362342192	1	0	0	0	0	-0	-0	-0	0.29262837604229613	0.18837876686292016	1.5	0.86787450365745966	1.1107042929960012
4	400294	400294	41	true	0		5600	56	0.9947623841226102	1	0	0	0	0	-0	-0	-0	0.33278533292852247	0.24596865928506514	1.4998500074997501	0.87190392710487197	0.44410419391353018
5	909858	909858	160	false	2	1241810062;1371380497	17300	80	0.99946327133600621	1	0.93999999999999995	0	0	0	-0	-0	-0	0.41803406648319846	0.24975667160014337	1.5	0.95884249176211078	0.96691539800170612
6	473966	473966	160	false	2	1080716381;1375325298	17400	80	0.99428896836192571	1	1	0	0	0	-0	-0	-0	0.47617422119413055	0.26638879689294892	1.5	1.0701997485349746	0.85606656341073151
7	981559	981559	122	true	1	1208725262	13500	85	0.99530996934502913	1	0.95999999999999996	0	0	0	-0	-0	-0	0.44094355051288758	0.1996681815714339	1.5	0.97541469609146547	0.72139505035100893
8	318670	318670	41	true	0		5400	54	0.99857793035682785	1	0.91999999999999993	0	0	0	-0	-0	-0	0.36766110058365786	0.18852795406800085	1.4998500074997501	0.91704681463301363	0.43495583781152464
9	225142	225142	32	true	0		4500	45	0.99827968613143314	1	0.93999999999999995	0	0	0	-0	-0	-0	0.29982798753826279	0.20323285008412517	1.4998500074997501	0.88269518319126139	0.8263945185556848
10	359405	359405	90	true	0		10300	103	0.99116504914119319	1	0.93999999999999995	0	0	0	-0	-0	-0	0.4261102668509863	0.3249303119602619	1.5	1.1447264003481306	0.92071574256879363
11	250215	250215	98	true	1	2034770649	11100	67	0.99650906194040634	1	0.97999999999999998	0	0	0	-0	-0	-0	0.35680774965311762	0.20902349308922274	1.4998500074997501	0.92894910381765083	0.79702154366252842
12	558664	558664	74	true	0		8900	89	0.99785359526715933	1	0.97999999999999998	0	0	0	-0	-0	-0	0.46631905731032158	0.22371434685146044	1.4998500074997501	0.93002142087048256	0.95619011793403275
13	438880	438880	160	false	0		17300	172	0.97190137574647317	0.93999999999999995	0	0	0	0	-0	-0	-0	0.59425258983026963	0.35351464157682988	1.5	1.5796093103632531	0.92768567422689174
14	5937	5937	128	true	2	990963962;821842716	14200	56	0.99947742900811798	1	0.91999999999999993	0	0	0	-0	-0	-0	0.39595086772551408	0.20901785507106418	1.4998500074997501	0.87210322532125717	0.89135290533514022
15	615903	615903	62	true	1	702718897	7500	39	0.99979444652300731	1	0.87999999999999989	0	0	0	-0	-0	-0	0.40978651499930713	0.23463618711873505	1.5	0.88141963796010803	0.14165914975853025
16	150574	150574	107	true	1	346095862	12000	62	0.99815400420805622	1	0.93999999999999995	0	0	0	-0	-0	-0	0.35690084241274961	0.28972311251178284	1.4998500074997501	0.88251980255215767	0.84202294660457733
17	963284	963284	39	true	0		5200	52	0.99957822529041573	1	0.95999999999999996	0	0	0	-0	-0	-0	0.34595990059953513	0.21863249982770991	1.4998500074997501	0.89867494115395197	0.50802421455604951
18	473867	473867	76	true	1	1037687023	9000	50	0.99726887271308173	1	0.97999999999999998	0	0	0	-0	-0	-0	0.35558638730579012	0.30717533750860898	1.4998500074997501	0.82350407807420056	0.96113865636358475
19	150918	150918	99	true	1	223178220	11200	76	0.99663901757148232	1	0.97999999999999998	0	0	0	-0	-0	-0	0.52138355162232008	0.24258311867155213	1.4998500074997501	0.93958324401163196	0.90803818678042214
20	955377	955377	60	true	0		7300	73	0.99541766819818778	1	1	0	0	0	-0	-0	-0	0.46510668849596526	0.21632338207749421	1.5	1.0150230890080045	0.7463330734208411
21	902578	902578	62	true	0		7600	76	0.99908336389601249	1	0.97999999999999998	0	0	0	-0	-0	-0	0.36539289927107821	0.25195701256935032	1.4998500074997501	0.96762666847052292	0.8834868465713176
22	61646	61646	92	true	0		10700	107	0.99650123413041414	1	0.97999999999999998	0	0	0	-0	-0	-0	0.56627707589858722	0.30520772361305498	1.4998500074997501	1.1013581215560826	1.0085587780444598
23	197255	197255	131	true	1	606807131	14400	98	0.99835965906337831	1	0.97999999999999998	0	0	0	-0	-0	-0	0.51889677557836589	0.29364723717036378	1.4998500074997501	1.0459918716279231	1.0754885755470422
24	462583	462583	80	true	0		9500	95	0.99743188698213303	1	0.95999999999999996	0	0	0	-0	-0	-0	0.47414791934087847	0.27802703447226323	1.5	0.95133864550299363	0.86348568112243684
25	184672	184672	108	true	1	972701878	12100	81	0.99487493638090463	1	0.89999999999999991	0	0	0	-0	-0	-0	0.34526423798591382	0.26340017679361727	1.4998500074997501	0.98876402425118415	0.87152197282281296
26	831702	831702	107	true	1	1948864024	12000	72	0.99368826530208154	1	1	0	0	0	-0	-0	-0	0.41112126412431521	0.29378090170281224	1.4998500074997501	1.0004279041822195	0.80337011668359271
27	720308	720308	97	true	1	1212685799	11000	69	0.99609771226126742	1	0.95999999999999996	0	0	0	-0	-0	-0	0.33903347390408739	0.21824646474315543	1.4998500074997501	0.86718281700770239	0.85324244962364626
28	16729	16729	67	true	0		8100	81	0.99483642707920394	1	1	0	0	0	-0	-0	-0	0.41108864045124582	0.27403333528296636	1.4998500074997501	1.0373394689641939	0.84642879515192904
29	387749	387749	160	false	3	453554856;1064928331;1553090341	17300	47	0.97477749988185469	1	0.65999999999999992	0	0	0	-0	-0	-0	0.44232589177471499	0.17307522874356554	1.5	0.82734284737934349	0.75978172122430288
30	215846	215846	48	true	0		6100	61	0.99921589534079203	1	1	0	0	0	-0	-0	-0	0.41216122220521034	0.20736460628567158	1.4998500074997501	0.94092858476365793	0.67099286645996314
31	312561	312561	160	false	2	680800757;1305798818	17300	80	0.99471977705190984	1	0.95999999999999996	0	0	0	-0	-0	-0	0.43143778413445438	0.2407533855891032	1.5	1.0061621316647156	0.84331091504416367
32	749598	749598	160	false	3	1009484234;420741632;986225209	17300	52	0.52287901661886749	0.67999999999999994	0.58000000000000007	0	0	0	-0	-0	-0	0.34664518084857299	0.33341466987639901	1.5	0.90834621032523066	1.0467588849856992
33	631837	631837	160	false	3	181588031;2047233615;484526097	17300	18	0.20568354561346533	0.020000000000000018	0.10000000000000003	0	0	0	-0	-0	-0	0.25378045408021671	1.5	1.5	0.31407447538486133	0.96585777997047095
34	746550	746550	120	true	1	331385777	13300	90	0.99634191707487241	1	0.97999999999999998	0	0	0	-0	-0	-0	0.37566409465539202	0.21103129987432392	1.4998500074997501	0.9711215934479388	0.63308190135956177
35	709734	709734	47	true	0		6100	61	0.99398644291956173	1	1	0	0	0	-0	-0	-0	0.3612659143322271	0.19505578906640689	1.4998500074997501	0.94381766581649484	0.050005000250008348
36	181983	181983	89	true	0		10200	102	0.99641117314673067	1	0	0	0	0	-0	-0	-0	0.45440740631123777	0.26180350157492738	1.4998500074997501	1.090367246105898	0.89563757797658505
37	279125	279125	38	true	0		5200	52	0.99794125613997287	1	1	0	0	0	-0	-0	-0	0.29869320939706945	0.19365729329584019	1.4998500074997501	0.80809593738917185	0.48289340886217069
38	965652	965652	60	true	0		7400	74	0.99911687287089468	1	0.44	0	0	0	-0	-0	-0	0.40139484968689593	0.21433072993847016	1.5	0.89846543270540835	1.126653950282362
39	419030	419030	136	true	2	1623050237;1519124917	14900	76	0.99247871307118118	1	1	0	0	0	-0	-0	-0	0.44970492106094467	0.19843235178035015	1.4998500074997501	0.99068662125779983	0.73131978841342338
40	888571	888571	55	true	0		6900	69	0.99710919704665435	1	0.87999999999999989	0	0	0	-0	-0	-0	0.41971842159247524	0.22560361038212559	1.4998500074997501	0.95711410007855979	0.89202958847252589
