=== TRACE BENCHMARK RESULTS ===
N_shots = 1000
n_init = 12
n_iter = 160
num_sims = 40
workers = 4
threshold = 0.999
require_surrogate_confidence = false
stopping_rule = two_noisy
score_mode = odd_penalty
confidence_z = 1.0
restart_on_stagnation = true
restart_failure_window = 8
restart_min_active_iter = 16
restart_min_delta = 0.01
restart_disable_lcb = 0.8
restart_max_restarts = 5
restart_seed_policy = reset_local_bo_rng_and_worker_global_rng
kappa = 1.9
path_guard = false
path_guard_init_design = latin_hypercube
path_guard_init_center_exclusion = 0.0
path_guard_init_sobol_skip_max = 2048
decision_q_max = 1.0
path_guard_trust_start_q = 0.7
path_guard_strong_trust_q = 0.9
path_guard_global_scout_period = 7
path_guard_global_scout_frac = 0.15
center_jitter_u_max = 0.0
bound_scale = 0.5
fixed_init_seed = 0
M_acq = 5000
M_rec = 20000
elapsed_seconds = 2309.2121608257294

=== RESULTS SUMMARY ===
Early stops = 40 / 40
Average Q_det = 0.9985050895139287 +/- 0.0012223312229128651
Median Q_det = 0.9988284045549123
Min Q_det = 0.9948856952370189
Max Q_det = 0.9999483466594016
Average log10(1-Q_det) = -2.99983446731936 +/- 0.45791478512987777
Average iterations = 57.95 +/- 30.681949926333743
Average total shots = 72200.0
Total restarts = 5
Average restarts = 0.125 +/- 0.3349320635285418

=== All Results ===
Sim	Seed	InitialSeed	Iterations	StoppedEarly	Restarts	RestartSeeds	TotalShots	NTrain	Q_det	Q_rec	Q_last	center_jitter_u1	center_jitter_u2	center_jitter_u3	true_opt_u1	true_opt_u2	true_opt_u3	ell1	ell2	ell3	sigma_f	c
1	53119	53119	36	true	0		50000	48	0.99887220776687169	1	1	0	0	0	-0	-0	-0	0.24856109246380514	0.20835492582364828	1.4998500074997501	0.86389657948108589	0.050005000250008348
2	150146	150146	77	true	0		92000	89	0.99962206120708441	1	1	0	0	0	-0	-0	-0	0.39023918448445305	0.23079668895145788	1.4998500074997501	1.1969755779601678	0.57169916920336861
3	17248	17248	105	true	0		124000	117	0.99878460134295277	1	1	0	0	0	-0	-0	-0	0.42894860750468461	0.22979943225066421	1.4998500074997501	1.2938697852459609	0.62117217986154616
4	175324	175324	20	true	0		34000	32	0.99872119118669689	1	1	0	0	0	-0	-0	-0	0.2929612536774589	0.20048986240533787	1.5	0.82279463087658533	0.050000000000000031
5	277689	277689	40	true	0		54000	52	0.99994834665940158	1	1	0	0	0	-0	-0	-0	0.34219902398753083	0.18649219848874146	1.5	0.76280249126124611	0.050000000000000183
6	850678	850678	75	true	1	2080336534	88000	33	0.99918060044731538	1	1	0	0	0	-0	-0	-0	0.34381638492755257	0.16705224104897265	1.4998500074997501	0.79657525945733698	0.050005000250008348
7	848061	848061	41	true	0		54000	53	0.99952335552705562	1	1	0	0	0	-0	-0	-0	0.29289291536911005	0.22693833005696776	1.4998500074997501	0.70924149395331604	0.9981952379037794
8	608768	608768	126	true	0		141000	138	0.99911726994350025	1	1	0	0	0	-0	-0	-0	0.35442729605993695	0.25104761879413978	1.4998500074997501	1.0183159402165269	0.7872381260882596
9	114546	114546	72	true	0		85000	84	0.99994643383970205	1	1	0	0	0	-0	-0	-0	0.35711067884265718	0.25077512553489101	1.4998500074997501	1.1017981264373369	0.45375841811656115
10	260179	260179	28	true	0		42000	40	0.99894254041938702	1	1	0	0	0	-0	-0	-0	0.22717701110048408	0.14258176670042369	1.4998500074997501	0.86215744732949839	0.050005000250008348
11	555686	555686	46	true	0		60000	58	0.99801526802021767	1	1	0	0	0	-0	-0	-0	0.30841746760738509	0.19373171812552112	1.4998500074997501	0.88768658870340467	0.56363665913591676
12	826531	826531	30	true	0		43000	42	0.9970582673701992	1	1	0	0	0	-0	-0	-0	0.24524444557567832	0.12475430194563802	1.5	0.60407529946825966	0.050000000000000232
13	487835	487835	84	true	0		99000	96	0.99910569999458987	1	1	0	0	0	-0	-0	-0	0.37120199761114098	0.22114370894115609	1.4998500074997501	0.92643696507932194	0.71510340442060438
14	618633	618633	66	true	0		79000	78	0.99985551463795919	1	1	0	0	0	-0	-0	-0	0.34635946056206096	0.21653348743158474	1.4998500074997501	0.87399553718423983	0.80247768675605669
15	799688	799688	11	true	0		24000	23	0.99771568053211979	1	1	0	0	0	-0	-0	-0	0.20078983211007845	0.14302740373429437	1.4998500074997501	0.80143166889495887	0.050005000250008348
16	917017	917017	83	true	1	1530280894	96000	55	0.99966484992238169	1	1	0	0	0	-0	-0	-0	0.33339731916016041	0.17525789954333534	1.4998500074997501	0.85399799900593842	0.75814171468074498
17	568190	568190	20	true	0		33000	32	0.9986324768744409	1	1	0	0	0	-0	-0	-0	0.25482377540344936	0.19426754699641	1.5	0.78501523484907376	0.05000000000000205
18	994296	994296	42	true	0		58000	54	0.99739463522270044	1	1	0	0	0	-0	-0	-0	0.33805833195101037	0.18864281388935394	1.4998500074997501	0.74869673703563122	0.38297836864220042
19	628116	628116	60	true	0		75000	72	0.99792400515620339	1	1	0	0	0	-0	-0	-0	0.37416345505949766	0.22270944342386781	1.5	0.98404760516340051	0.80050940858570097
20	153452	153452	58	true	0		73000	70	0.99941116957381748	1	1	0	0	0	-0	-0	-0	0.30068669438350487	0.18884970133655432	1.4998500074997501	0.75229858297954011	0.4995869727362664
21	604886	604886	44	true	0		58000	56	0.99965775573803661	1	1	0	0	0	-0	-0	-0	0.27220372007883514	0.19791781267240866	1.4998500074997501	0.75093839913617566	0.43786602223006499
22	451042	451042	33	true	0		46000	45	0.99934359124220795	1	1	0	0	0	-0	-0	-0	0.27019073858433668	0.19424308849612751	1.4998500074997501	0.80047673456476087	0.050005000250008348
23	397869	397869	60	true	0		73000	72	0.99584750500297692	1	1	0	0	0	-0	-0	-0	0.3958971682924658	0.18675481755711726	1.5	0.96757978611408546	0.56812000963293097
24	930673	930673	95	true	1	673845256	109000	69	0.99697086488923758	1	1	0	0	0	-0	-0	-0	0.30881456123912954	0.18755578186357144	1.4998500074997501	0.82370486210701388	0.52990460852186794
25	108078	108078	53	true	0		68000	65	0.99864104181286439	1	1	0	0	0	-0	-0	-0	0.31855598490426096	0.24375777943874133	1.4998500074997501	0.94215879343129327	0.50066553357778332
26	486922	486922	61	true	0		74000	73	0.99911025810112442	1	1	0	0	0	-0	-0	-0	0.35862221120347176	0.20647413677721607	1.4998500074997501	0.9404774436308817	0.65651047578216493
27	570527	570527	52	true	0		65000	64	0.99875776996097321	1	1	0	0	0	-0	-0	-0	0.28703445047075093	0.19815664921314277	1.4998500074997501	0.70140104060043063	0.78725471930497637
28	798859	798859	139	true	0		158000	151	0.99727899235182205	1	1	0	0	0	-0	-0	-0	0.41633985323102868	0.22702338991509496	1.4998500074997501	1.3532357541240398	0.84099333051412872
29	897261	897261	37	true	0		50000	49	0.99800713665609586	1	1	0	0	0	-0	-0	-0	0.18963261927994618	0.14613497088243968	1.4998500074997501	0.70785356360961194	0.050005000250008348
30	711342	711342	39	true	0		52000	51	0.9989793774188519	1	1	0	0	0	-0	-0	-0	0.25462993242142451	0.19916748153600403	1.4998500074997501	0.81553339239214018	0.26349755441509243
31	213144	213144	42	true	0		57000	54	0.99948542902144688	1	1	0	0	0	-0	-0	-0	0.3708027174283004	0.18985355507578647	1.4998500074997501	0.84914955630496514	0.62437237330924877
32	367969	367969	46	true	0		60000	58	0.99767856644519448	1	1	0	0	0	-0	-0	-0	0.27735063905214602	0.21147727211463405	1.4998500074997501	0.85294498751844794	0.050005000250008348
33	845006	845006	95	true	1	1656354899	110000	50	0.99766799144845464	1	1	0	0	0	-0	-0	-0	0.31440202091352959	0.23048405641275446	1.4998500074997501	0.82490575334607719	0.050005000250008348
34	251894	251894	78	true	1	1202782204	92000	49	0.99836033242000954	1	1	0	0	0	-0	-0	-0	0.30986131549508372	0.16449262700358272	1.4998500074997501	0.78001869698894521	0.050005000250008348
35	808899	808899	21	true	0		34000	33	0.99970151225957082	1	1	0	0	0	-0	-0	-0	0.32854934756255982	0.14969181125067171	1.4998500074997501	0.84312526045569081	0.050005000250008348
36	660852	660852	28	true	0		41000	40	0.99488569523701886	1	1	0	0	0	-0	-0	-0	0.25117591501982434	0.15983163339299172	1.4998500074997501	0.80333399511265546	0.050005000250008348
37	227742	227742	99	true	0		116000	111	0.998507373138947	1	1	0	0	0	-0	-0	-0	0.35814773157307944	0.25174556817347321	1.4998500074997501	1.1106541194126449	0.87121974132910507
38	758307	758307	21	true	0		34000	33	0.99941712075952749	1	1	0	0	0	-0	-0	-0	0.305791345437394	0.16070045382414358	1.4998500074997501	0.88950643265853435	0.050005000250008348
39	888534	888534	105	true	0		122000	117	0.99908090006730399	1	1	0	0	0	-0	-0	-0	0.35382863227211203	0.24258251460698788	1.4998500074997501	1.1271072755873242	0.74831579853462993
40	445649	445649	50	true	0		65000	62	0.99538819094088671	1	1	0	0	0	-0	-0	-0	0.38462977697514833	0.18949358026780624	1.5	0.90690674960847117	0.49092966970451635
