=== Noise characterization — 4 estimator models (3D, no phase shift) ===
Points: 50  (25 near |u|≤0.3, 25 over [-1,1]³)
M_reps=500 independent N-shot experiments; σ_emp = std across reps
Q_ms_sequence reference: exp_gg=0.15042  exp_ee=0.84957

==========================================================================================
Model 1: Q_varMS (numMS=2)   estimator: k_DD / N   (Bernoulli — σ_binomial exact)

N       region  Q_true    Q_mean    σ_emp         σ_simple      σ_binomial    err_simple  err_binom 
--------------------------------------------------------------------------------------------
50      near    0.4125    0.4119    0.07001       0.14142       0.06962       1.0200      0.0056    
50      near    0.4700    0.4630    0.07203       0.14142       0.07058       0.9635      0.0200    
50      near    0.3104    0.3099    0.06433       0.14142       0.06543       1.1983      0.0170    
50      near    0.3040    0.3032    0.06641       0.14142       0.06505       1.1296      0.0204    
50      near    0.4862    0.4823    0.07459       0.14142       0.07068       0.8959      0.0524    
50      near    0.6248    0.6271    0.07255       0.14142       0.06847       0.9492      0.0562    
50      near    0.5092    0.5140    0.06847       0.14142       0.07070       1.0654      0.0325    
50      near    0.9598    0.9580    0.02906       0.14142       0.02779       3.8658      0.0439    
50      near    0.4166    0.4108    0.06695       0.14142       0.06972       1.1122      0.0413    
50      near    0.5038    0.5054    0.07246       0.14142       0.07071       0.9517      0.0242    
50      near    0.4295    0.4248    0.06490       0.14142       0.07001       1.1789      0.0786    
50      near    0.4602    0.4587    0.07128       0.14142       0.07049       0.9841      0.0111    
50      near    0.4361    0.4324    0.07364       0.14142       0.07013       0.9203      0.0477    
50      near    0.4596    0.4685    0.06819       0.14142       0.07048       1.0740      0.0336    
50      near    0.6634    0.6692    0.06460       0.14142       0.06683       1.1892      0.0345    
50      near    0.3406    0.3458    0.06470       0.14142       0.06702       1.1857      0.0358    
50      near    0.4273    0.4291    0.07145       0.14142       0.06996       0.9794      0.0208    
50      near    0.3567    0.3538    0.06610       0.14142       0.06774       1.1394      0.0248    
50      near    0.6888    0.6905    0.06627       0.14142       0.06548       1.1340      0.0119    
50      near    0.4380    0.4410    0.06998       0.14142       0.07017       1.0210      0.0027    
50      near    0.3033    0.3012    0.06785       0.14142       0.06501       1.0843      0.0419    
50      near    0.6139    0.6156    0.06953       0.14142       0.06885       1.0341      0.0097    
50      near    0.4347    0.4433    0.06972       0.14142       0.07011       1.0285      0.0056    
50      near    0.2281    0.2278    0.05824       0.14142       0.05934       1.4284      0.0190    
50      near    0.3918    0.3887    0.06873       0.14142       0.06903       1.0576      0.0044    
50      far     0.2155    0.2128    0.05760       0.14142       0.05815       1.4551      0.0095    
50      far     0.1787    0.1788    0.05338       0.14142       0.05418       1.6491      0.0148    
50      far     0.0580    0.0582    0.03231       0.14142       0.03306       3.3773      0.0232    
50      far     0.3226    0.3196    0.06426       0.14142       0.06611       1.2007      0.0287    
50      far     0.0138    0.0140    0.01700       0.14142       0.01650       7.3181      0.0293    
50      far     0.2070    0.2094    0.05778       0.14142       0.05730       1.4476      0.0083    
50      far     0.2495    0.2478    0.05697       0.14142       0.06119       1.4823      0.0741    
50      far     0.0011    0.0010    0.00464       0.14142       0.00459       29.4845     0.0108    
50      far     0.1095    0.1077    0.04525       0.14142       0.04416       2.1252      0.0241    
50      far     0.0282    0.0277    0.02179       0.14142       0.02342       5.4904      0.0748    
50      far     0.2052    0.2055    0.05631       0.14142       0.05712       1.5115      0.0144    
50      far     0.2851    0.2842    0.06455       0.14142       0.06385       1.1908      0.0109    
50      far     0.5388    0.5380    0.06808       0.14142       0.07050       1.0773      0.0355    
50      far     0.1959    0.1973    0.05489       0.14142       0.05613       1.5767      0.0227    
50      far     0.5566    0.5634    0.06881       0.14142       0.07026       1.0553      0.0210    
50      far     0.4529    0.4533    0.07178       0.14142       0.07040       0.9702      0.0193    
50      far     0.3422    0.3424    0.06317       0.14142       0.06709       1.2389      0.0622    
50      far     0.0571    0.0546    0.03179       0.14142       0.03281       3.4489      0.0320    
50      far     0.3697    0.3714    0.07088       0.14142       0.06827       0.9953      0.0368    
50      far     0.2427    0.2400    0.05937       0.14142       0.06063       1.3821      0.0212    
50      far     0.7612    0.7626    0.05949       0.14142       0.06030       1.3771      0.0135    
50      far     0.1493    0.1476    0.05085       0.14142       0.05039       1.7810      0.0090    
50      far     0.4131    0.4164    0.07197       0.14142       0.06964       0.9650      0.0324    
50      far     0.0182    0.0173    0.01773       0.14142       0.01888       6.9777      0.0651    
50      far     0.0765    0.0770    0.03650       0.14142       0.03758       2.8748      0.0297    

400     near    0.4125    0.4127    0.02376       0.05000       0.02461       1.1047      0.0361    
400     near    0.4700    0.4707    0.02385       0.05000       0.02495       1.0967      0.0465    
400     near    0.3104    0.3079    0.02139       0.05000       0.02313       1.3375      0.0814    
400     near    0.3040    0.3040    0.02173       0.05000       0.02300       1.3005      0.0582    
400     near    0.4862    0.4850    0.02518       0.05000       0.02499       0.9860      0.0074    
400     near    0.6248    0.6242    0.02372       0.05000       0.02421       1.1080      0.0206    
400     near    0.5092    0.5098    0.02486       0.05000       0.02500       1.0109      0.0053    
400     near    0.9598    0.9593    0.01027       0.05000       0.00982       3.8665      0.0438    
400     near    0.4166    0.4196    0.02438       0.05000       0.02465       1.0508      0.0111    
400     near    0.5038    0.5049    0.02544       0.05000       0.02500       0.9654      0.0173    
400     near    0.4295    0.4302    0.02405       0.05000       0.02475       1.0787      0.0290    
400     near    0.4602    0.4591    0.02374       0.05000       0.02492       1.1063      0.0498    
400     near    0.4361    0.4353    0.02494       0.05000       0.02479       1.0048      0.0058    
400     near    0.4596    0.4589    0.02503       0.05000       0.02492       0.9977      0.0044    
400     near    0.6634    0.6647    0.02278       0.05000       0.02363       1.1952      0.0373    
400     near    0.3406    0.3403    0.02445       0.05000       0.02370       1.0450      0.0309    
400     near    0.4273    0.4266    0.02309       0.05000       0.02473       1.1655      0.0712    
400     near    0.3567    0.3562    0.02502       0.05000       0.02395       0.9983      0.0427    
400     near    0.6888    0.6898    0.02279       0.05000       0.02315       1.1937      0.0157    
400     near    0.4380    0.4368    0.02583       0.05000       0.02481       0.9358      0.0396    
400     near    0.3033    0.3030    0.02310       0.05000       0.02298       1.1641      0.0052    
400     near    0.6139    0.6126    0.02437       0.05000       0.02434       1.0521      0.0009    
400     near    0.4347    0.4356    0.02386       0.05000       0.02479       1.0955      0.0388    
400     near    0.2281    0.2275    0.02115       0.05000       0.02098       1.3642      0.0080    
400     near    0.3918    0.3919    0.02458       0.05000       0.02441       1.0341      0.0071    
400     far     0.2155    0.2141    0.02024       0.05000       0.02056       1.4700      0.0157    
400     far     0.1787    0.1795    0.01937       0.05000       0.01915       1.5815      0.0110    
400     far     0.0580    0.0580    0.01145       0.05000       0.01169       3.3665      0.0207    
400     far     0.3226    0.3210    0.02318       0.05000       0.02337       1.1571      0.0084    
400     far     0.0138    0.0133    0.00562       0.05000       0.00583       7.9007      0.0387    
400     far     0.2070    0.2056    0.02030       0.05000       0.02026       1.4634      0.0019    
400     far     0.2495    0.2490    0.02110       0.05000       0.02164       1.3693      0.0252    
400     far     0.0011    0.0010    0.00157       0.05000       0.00162       30.7503     0.0303    
400     far     0.1095    0.1102    0.01609       0.05000       0.01561       2.1069      0.0298    
400     far     0.0282    0.0276    0.00845       0.05000       0.00828       4.9188      0.0199    
400     far     0.2052    0.2052    0.02019       0.05000       0.02019       1.4764      0.0002    
400     far     0.2851    0.2847    0.02225       0.05000       0.02257       1.2476      0.0147    
400     far     0.5388    0.5387    0.02456       0.05000       0.02492       1.0360      0.0149    
400     far     0.1959    0.1958    0.02009       0.05000       0.01985       1.4892      0.0120    
400     far     0.5566    0.5577    0.02657       0.05000       0.02484       0.8821      0.0650    
400     far     0.4529    0.4530    0.02460       0.05000       0.02489       1.0324      0.0117    
400     far     0.3422    0.3408    0.02338       0.05000       0.02372       1.1386      0.0146    
400     far     0.0571    0.0569    0.01246       0.05000       0.01160       3.0120      0.0693    
400     far     0.3697    0.3707    0.02329       0.05000       0.02414       1.1473      0.0365    
400     far     0.2427    0.2424    0.02109       0.05000       0.02144       1.3708      0.0164    
400     far     0.7612    0.7616    0.02036       0.05000       0.02132       1.4554      0.0469    
400     far     0.1493    0.1506    0.01784       0.05000       0.01782       1.8027      0.0013    
400     far     0.4131    0.4121    0.02488       0.05000       0.02462       1.0094      0.0106    
400     far     0.0182    0.0181    0.00682       0.05000       0.00668       6.3337      0.0209    
400     far     0.0765    0.0753    0.01341       0.05000       0.01329       2.7273      0.0095    

1000    near    0.4125    0.4119    0.01609       0.03162       0.01557       0.9650      0.0327    
1000    near    0.4700    0.4704    0.01681       0.03162       0.01578       0.8809      0.0612    
1000    near    0.3104    0.3098    0.01525       0.03162       0.01463       1.0742      0.0404    
1000    near    0.3040    0.3032    0.01500       0.03162       0.01455       1.1075      0.0306    
1000    near    0.4862    0.4873    0.01508       0.03162       0.01581       1.0970      0.0481    
1000    near    0.6248    0.6246    0.01508       0.03162       0.01531       1.0973      0.0155    
1000    near    0.5092    0.5097    0.01639       0.03162       0.01581       0.9300      0.0352    
1000    near    0.9598    0.9596    0.00631       0.03162       0.00621       4.0124      0.0151    
1000    near    0.4166    0.4162    0.01536       0.03162       0.01559       1.0588      0.0150    
1000    near    0.5038    0.5037    0.01633       0.03162       0.01581       0.9368      0.0316    
1000    near    0.4295    0.4293    0.01642       0.03162       0.01565       0.9253      0.0469    
1000    near    0.4602    0.4594    0.01558       0.03162       0.01576       1.0298      0.0117    
1000    near    0.4361    0.4355    0.01529       0.03162       0.01568       1.0689      0.0260    
1000    near    0.4596    0.4581    0.01635       0.03162       0.01576       0.9340      0.0362    
1000    near    0.6634    0.6625    0.01443       0.03162       0.01494       1.1915      0.0356    
1000    near    0.3406    0.3402    0.01480       0.03162       0.01499       1.1360      0.0123    
1000    near    0.4273    0.4278    0.01507       0.03162       0.01564       1.0981      0.0379    
1000    near    0.3567    0.3569    0.01531       0.03162       0.01515       1.0660      0.0103    
1000    near    0.6888    0.6889    0.01538       0.03162       0.01464       1.0560      0.0481    
1000    near    0.4380    0.4382    0.01572       0.03162       0.01569       1.0120      0.0018    
1000    near    0.3033    0.3043    0.01478       0.03162       0.01454       1.1393      0.0166    
1000    near    0.6139    0.6142    0.01513       0.03162       0.01540       1.0904      0.0177    
1000    near    0.4347    0.4341    0.01492       0.03162       0.01568       1.1188      0.0503    
1000    near    0.2281    0.2272    0.01329       0.03162       0.01327       1.3796      0.0015    
1000    near    0.3918    0.3928    0.01521       0.03162       0.01544       1.0787      0.0147    
1000    far     0.2155    0.2152    0.01271       0.03162       0.01300       1.4886      0.0233    
1000    far     0.1787    0.1791    0.01210       0.03162       0.01211       1.6133      0.0012    
1000    far     0.0580    0.0582    0.00744       0.03162       0.00739       3.2520      0.0061    
1000    far     0.3226    0.3238    0.01437       0.03162       0.01478       1.2012      0.0290    
1000    far     0.0138    0.0135    0.00365       0.03162       0.00369       7.6553      0.0100    
1000    far     0.2070    0.2078    0.01237       0.03162       0.01281       1.5561      0.0357    
1000    far     0.2495    0.2489    0.01442       0.03162       0.01368       1.1928      0.0511    
1000    far     0.0011    0.0010    0.00104       0.03162       0.00103       29.4517     0.0119    
1000    far     0.1095    0.1092    0.01004       0.03162       0.00988       2.1504      0.0162    
1000    far     0.0282    0.0281    0.00539       0.03162       0.00524       4.8696      0.0281    
1000    far     0.2052    0.2048    0.01335       0.03162       0.01277       1.3688      0.0433    
1000    far     0.2851    0.2847    0.01425       0.03162       0.01428       1.2196      0.0021    
1000    far     0.5388    0.5397    0.01603       0.03162       0.01576       0.9731      0.0164    
1000    far     0.1959    0.1956    0.01224       0.03162       0.01255       1.5846      0.0259    
1000    far     0.5566    0.5576    0.01622       0.03162       0.01571       0.9495      0.0315    
1000    far     0.4529    0.4542    0.01532       0.03162       0.01574       1.0639      0.0274    
1000    far     0.3422    0.3422    0.01487       0.03162       0.01500       1.1270      0.0091    
1000    far     0.0571    0.0569    0.00714       0.03162       0.00734       3.4273      0.0270    
1000    far     0.3697    0.3699    0.01595       0.03162       0.01526       0.9824      0.0431    
1000    far     0.2427    0.2429    0.01373       0.03162       0.01356       1.3024      0.0129    
1000    far     0.7612    0.7614    0.01338       0.03162       0.01348       1.3627      0.0074    
1000    far     0.1493    0.1497    0.01128       0.03162       0.01127       1.8024      0.0014    
1000    far     0.4131    0.4148    0.01614       0.03162       0.01557       0.9593      0.0352    
1000    far     0.0182    0.0179    0.00427       0.03162       0.00422       6.4080      0.0110    
1000    far     0.0765    0.0770    0.00805       0.03162       0.00840       2.9293      0.0442    

  Per-N: N       err_simple      err_binomial  
  ----------------------------------------
  50      2.2609          0.0284        
  400     2.2701          0.0252        
  1000    2.2275          0.0249        

==========================================================================================
Model 2: Q_varMS_balance (numMS=3)   estimator: 1 - |0.5-P_SS| - |0.5-P_DD|

N       region  Q_true    Q_mean    σ_emp         σ_simple      σ_binomial    σ_delta       err_simple  err_binom   err_delta 
----------------------------------------------------------------------------------------------------------------
50      near    0.5047    0.5038    0.10979       0.14142       0.07071       0.10953       0.2881      0.3560      0.0023    
50      near    0.6260    0.5975    0.08368       0.14142       0.06843       0.10599       0.6901      0.1822      0.2666    
50      near    0.8320    0.8056    0.06198       0.14142       0.05288       0.05288       1.2816      0.1469      0.1469    
50      near    0.7559    0.7539    0.06007       0.14142       0.06075       0.06075       1.3542      0.0113      0.0113    
50      near    0.7079    0.6712    0.06490       0.14142       0.06431       0.06431       1.1789      0.0092      0.0092    
50      near    0.6318    0.5979    0.07657       0.14142       0.06821       0.10520       0.8470      0.1092      0.3739    
50      near    0.6255    0.6139    0.06380       0.14142       0.06845       0.06845       1.2167      0.0728      0.0728    
50      near    0.9658    0.8826    0.09319       0.14142       0.02571       0.14066       0.5176      0.7241      0.5094    
50      near    0.7056    0.6556    0.06840       0.14142       0.06446       0.06446       1.0677      0.0576      0.0576    
50      near    0.7335    0.7044    0.06181       0.14142       0.06253       0.06253       1.2879      0.0116      0.0116    
50      near    0.6921    0.6541    0.06718       0.14142       0.06529       0.06529       1.1051      0.0282      0.0282    
50      near    0.5881    0.5849    0.06408       0.14142       0.06960       0.06960       1.2069      0.0862      0.0862    
50      near    0.7840    0.7666    0.06542       0.14142       0.05820       0.05820       1.1619      0.1103      0.1103    
50      near    0.7277    0.7184    0.06241       0.14142       0.06295       0.06295       1.2659      0.0086      0.0086    
50      near    0.6362    0.6382    0.06777       0.14142       0.06804       0.06804       1.0867      0.0039      0.0039    
50      near    0.3516    0.3574    0.08007       0.14142       0.06753       0.07568       0.7663      0.1566      0.0548    
50      near    0.7165    0.6632    0.07518       0.14142       0.06374       0.11383       0.8811      0.1522      0.5140    
50      near    0.7703    0.7616    0.05797       0.14142       0.05949       0.05949       1.4397      0.0263      0.0263    
50      near    0.7023    0.6832    0.06703       0.14142       0.06466       0.06466       1.1099      0.0353      0.0353    
50      near    0.8407    0.7954    0.07093       0.14142       0.05176       0.05176       0.9937      0.2704      0.2704    
50      near    0.7414    0.7368    0.05713       0.14142       0.06193       0.06193       1.4754      0.0839      0.0839    
50      near    0.5639    0.5701    0.11690       0.14142       0.07013       0.11590       0.2097      0.4001      0.0085    
50      near    0.7213    0.7069    0.06062       0.14142       0.06341       0.06341       1.3328      0.0459      0.0459    
50      near    0.5832    0.5501    0.07213       0.14142       0.06972       0.09696       0.9606      0.0334      0.3442    
50      near    0.3229    0.3218    0.06523       0.14142       0.06613       0.07024       1.1680      0.0138      0.0768    
50      far     0.7484    0.6981    0.07191       0.14142       0.06137       0.06137       0.9666      0.1466      0.1466    
50      far     0.5397    0.5243    0.07677       0.14142       0.07049       0.09423       0.8422      0.0818      0.2275    
50      far     0.5580    0.5314    0.07403       0.14142       0.07023       0.09566       0.9104      0.0513      0.2922    
50      far     0.7287    0.7205    0.06197       0.14142       0.06288       0.06288       1.2821      0.0147      0.0147    
50      far     0.0717    0.0714    0.04868       0.14142       0.03648       0.04732       1.9050      0.2507      0.0279    
50      far     0.4314    0.4333    0.06720       0.14142       0.07004       0.07004       1.1045      0.0423      0.0423    
50      far     0.8754    0.8324    0.09341       0.14142       0.04671       0.13439       0.5139      0.4999      0.4387    
50      far     0.0211    0.0206    0.02254       0.14142       0.02035       0.02351       5.2752      0.0972      0.0430    
50      far     0.4881    0.4895    0.09047       0.14142       0.07069       0.09505       0.5632      0.2186      0.0507    
50      far     0.3467    0.3536    0.08826       0.14142       0.06731       0.08690       0.6024      0.2374      0.0153    
50      far     0.6912    0.6755    0.06277       0.14142       0.06534       0.06534       1.2530      0.0409      0.0409    
50      far     0.5088    0.5098    0.12143       0.14142       0.07070       0.11715       0.1646      0.4178      0.0353    
50      far     0.4031    0.4067    0.09472       0.14142       0.06937       0.09130       0.4931      0.2676      0.0360    
50      far     0.5415    0.5362    0.06951       0.14142       0.07047       0.07047       1.0344      0.0137      0.0137    
50      far     0.6660    0.6632    0.06624       0.14142       0.06670       0.06670       1.1351      0.0070      0.0070    
50      far     0.5719    0.5711    0.09784       0.14142       0.06998       0.10836       0.4455      0.2848      0.1076    
50      far     0.6980    0.6996    0.12268       0.14142       0.06493       0.13225       0.1527      0.4708      0.0780    
50      far     0.3466    0.3445    0.08418       0.14142       0.06730       0.08395       0.6801      0.2005      0.0027    
50      far     0.7480    0.7469    0.05847       0.14142       0.06140       0.06140       1.4187      0.0501      0.0501    
50      far     0.5372    0.5373    0.06871       0.14142       0.07051       0.07051       1.0584      0.0263      0.0263    
50      far     0.5707    0.5673    0.11165       0.14142       0.07000       0.11368       0.2666      0.3730      0.0181    
50      far     0.9184    0.8574    0.07816       0.14142       0.03871       0.03871       0.8093      0.5047      0.5047    
50      far     0.4677    0.4626    0.11188       0.14142       0.07056       0.11269       0.2641      0.3693      0.0073    
50      far     0.0299    0.0282    0.03177       0.14142       0.02407       0.03281       3.4514      0.2424      0.0326    
50      far     0.7366    0.7025    0.06574       0.14142       0.06229       0.06229       1.1513      0.0525      0.0525    

400     near    0.5047    0.5054    0.03819       0.05000       0.02500       0.03872       0.3092      0.3454      0.0139    
400     near    0.6260    0.6262    0.03642       0.05000       0.02419       0.03747       0.3729      0.3357      0.0289    
400     near    0.8320    0.8312    0.01934       0.05000       0.01870       0.01870       1.5848      0.0335      0.0335    
400     near    0.7559    0.7548    0.02162       0.05000       0.02148       0.02148       1.3124      0.0067      0.0067    
400     near    0.7079    0.7056    0.02175       0.05000       0.02274       0.02274       1.2987      0.0453      0.0453    
400     near    0.6318    0.6287    0.03290       0.05000       0.02412       0.03719       0.5196      0.2671      0.1303    
400     near    0.6255    0.6257    0.02361       0.05000       0.02420       0.02420       1.1175      0.0249      0.0249    
400     near    0.9658    0.9500    0.03504       0.05000       0.00909       0.04973       0.4269      0.7406      0.4192    
400     near    0.7056    0.6922    0.02256       0.05000       0.02279       0.02279       1.2160      0.0100      0.0100    
400     near    0.7335    0.7323    0.02187       0.05000       0.02211       0.02211       1.2858      0.0106      0.0106    
400     near    0.6921    0.6859    0.02242       0.05000       0.02308       0.02308       1.2303      0.0296      0.0296    
400     near    0.5881    0.5879    0.02345       0.05000       0.02461       0.02461       1.1321      0.0494      0.0494    
400     near    0.7840    0.7823    0.02151       0.05000       0.02058       0.02058       1.3243      0.0435      0.0435    
400     near    0.7277    0.7280    0.02071       0.05000       0.02226       0.02226       1.4140      0.0745      0.0745    
400     near    0.6362    0.6350    0.02445       0.05000       0.02405       0.02405       1.0451      0.0161      0.0161    
400     near    0.3516    0.3502    0.02771       0.05000       0.02387       0.02676       0.8044      0.1384      0.0344    
400     near    0.7165    0.6996    0.02791       0.05000       0.02254       0.04024       0.7917      0.1925      0.4421    
400     near    0.7703    0.7702    0.02078       0.05000       0.02103       0.02103       1.4060      0.0121      0.0121    
400     near    0.7023    0.7006    0.02327       0.05000       0.02286       0.02286       1.1489      0.0174      0.0174    
400     near    0.8407    0.8233    0.02735       0.05000       0.01830       0.01830       0.8284      0.3309      0.3309    
400     near    0.7414    0.7412    0.02294       0.05000       0.02189       0.02189       1.1792      0.0458      0.0458    
400     near    0.5639    0.5660    0.03943       0.05000       0.02480       0.04098       0.2682      0.3711      0.0394    
400     near    0.7213    0.7218    0.02196       0.05000       0.02242       0.02242       1.2768      0.0208      0.0208    
400     near    0.5832    0.5837    0.02944       0.05000       0.02465       0.03428       0.6982      0.1627      0.1644    
400     near    0.3229    0.3214    0.02470       0.05000       0.02338       0.02483       1.0244      0.0534      0.0054    
400     far     0.7484    0.7382    0.02204       0.05000       0.02170       0.02170       1.2686      0.0155      0.0155    
400     far     0.5397    0.5393    0.03265       0.05000       0.02492       0.03332       0.5313      0.2367      0.0204    
400     far     0.5580    0.5574    0.03343       0.05000       0.02483       0.03382       0.4956      0.2572      0.0116    
400     far     0.7287    0.7291    0.02351       0.05000       0.02223       0.02223       1.1267      0.0544      0.0544    
400     far     0.0717    0.0724    0.01631       0.05000       0.01290       0.01673       2.0649      0.2095      0.0255    
400     far     0.4314    0.4289    0.02498       0.05000       0.02476       0.02476       1.0016      0.0086      0.0086    
400     far     0.8754    0.8702    0.03969       0.05000       0.01652       0.04752       0.2597      0.5839      0.1971    
400     far     0.0211    0.0214    0.00861       0.05000       0.00719       0.00831       4.8040      0.1650      0.0353    
400     far     0.4881    0.4875    0.03556       0.05000       0.02499       0.03361       0.4062      0.2971      0.0549    
400     far     0.3467    0.3496    0.03114       0.05000       0.02380       0.03072       0.6059      0.2357      0.0132    
400     far     0.6912    0.6921    0.02221       0.05000       0.02310       0.02310       1.2514      0.0401      0.0401    
400     far     0.5088    0.5079    0.04280       0.05000       0.02500       0.04142       0.1683      0.4159      0.0322    
400     far     0.4031    0.4058    0.03211       0.05000       0.02453       0.03228       0.5572      0.2361      0.0054    
400     far     0.5415    0.5419    0.02491       0.05000       0.02491       0.02491       1.0075      0.0003      0.0003    
400     far     0.6660    0.6645    0.02442       0.05000       0.02358       0.02358       1.0474      0.0344      0.0344    
400     far     0.5719    0.5732    0.03752       0.05000       0.02474       0.03831       0.3327      0.3406      0.0212    
400     far     0.6980    0.6985    0.04743       0.05000       0.02296       0.04676       0.0542      0.5160      0.0142    
400     far     0.3466    0.3478    0.03040       0.05000       0.02379       0.02968       0.6445      0.2174      0.0238    
400     far     0.7480    0.7472    0.02125       0.05000       0.02171       0.02171       1.3527      0.0214      0.0214    
400     far     0.5372    0.5371    0.02543       0.05000       0.02493       0.02493       0.9664      0.0195      0.0195    
400     far     0.5707    0.5724    0.04059       0.05000       0.02475       0.04019       0.2318      0.3903      0.0098    
400     far     0.9184    0.9051    0.02611       0.05000       0.01369       0.01369       0.9151      0.4757      0.4757    
400     far     0.4677    0.4680    0.03977       0.05000       0.02495       0.03984       0.2574      0.3726      0.0019    
400     far     0.0299    0.0307    0.01193       0.05000       0.00851       0.01160       3.1895      0.2870      0.0282    
400     far     0.7366    0.7340    0.02140       0.05000       0.02202       0.02202       1.3368      0.0292      0.0292    

1000    near    0.5047    0.5032    0.02382       0.03162       0.01581       0.02449       0.3276      0.3363      0.0282    
1000    near    0.6260    0.6255    0.02357       0.03162       0.01530       0.02370       0.3416      0.3508      0.0055    
1000    near    0.8320    0.8324    0.01179       0.03162       0.01182       0.01182       1.6820      0.0028      0.0028    
1000    near    0.7559    0.7562    0.01351       0.03162       0.01358       0.01358       1.3400      0.0052      0.0052    
1000    near    0.7079    0.7074    0.01359       0.03162       0.01438       0.01438       1.3271      0.0582      0.0582    
1000    near    0.6318    0.6317    0.02277       0.03162       0.01525       0.02352       0.3886      0.3303      0.0329    
1000    near    0.6255    0.6264    0.01563       0.03162       0.01531       0.01531       1.0236      0.0206      0.0206    
1000    near    0.9658    0.9617    0.02421       0.03162       0.00575       0.03145       0.3060      0.7626      0.2990    
1000    near    0.7056    0.6992    0.01437       0.03162       0.01441       0.01441       1.2004      0.0029      0.0029    
1000    near    0.7335    0.7328    0.01397       0.03162       0.01398       0.01398       1.2636      0.0008      0.0008    
1000    near    0.6921    0.6903    0.01402       0.03162       0.01460       0.01460       1.2553      0.0411      0.0411    
1000    near    0.5881    0.5876    0.01639       0.03162       0.01556       0.01556       0.9298      0.0502      0.0502    
1000    near    0.7840    0.7836    0.01351       0.03162       0.01301       0.01301       1.3405      0.0368      0.0368    
1000    near    0.7277    0.7277    0.01410       0.03162       0.01408       0.01408       1.2425      0.0018      0.0018    
1000    near    0.6362    0.6365    0.01587       0.03162       0.01521       0.01521       0.9931      0.0412      0.0412    
1000    near    0.3516    0.3524    0.01690       0.03162       0.01510       0.01692       0.8706      0.1068      0.0011    
1000    near    0.7165    0.7085    0.01837       0.03162       0.01425       0.02545       0.7213      0.2242      0.3854    
1000    near    0.7703    0.7705    0.01315       0.03162       0.01330       0.01330       1.4049      0.0117      0.0117    
1000    near    0.7023    0.7034    0.01446       0.03162       0.01446       0.01446       1.1866      0.0002      0.0002    
1000    near    0.8407    0.8311    0.01591       0.03162       0.01157       0.01157       0.9873      0.2727      0.2727    
1000    near    0.7414    0.7417    0.01355       0.03162       0.01385       0.01385       1.3332      0.0217      0.0217    
1000    near    0.5639    0.5617    0.02531       0.03162       0.01568       0.02592       0.2495      0.3804      0.0241    
1000    near    0.7213    0.7202    0.01452       0.03162       0.01418       0.01418       1.1784      0.0233      0.0233    
1000    near    0.5832    0.5835    0.02121       0.03162       0.01559       0.02168       0.4909      0.2649      0.0222    
1000    near    0.3229    0.3232    0.01519       0.03162       0.01479       0.01571       1.0813      0.0268      0.0337    
1000    far     0.7484    0.7415    0.01338       0.03162       0.01372       0.01372       1.3636      0.0257      0.0257    
1000    far     0.5397    0.5397    0.02071       0.03162       0.01576       0.02107       0.5266      0.2391      0.0172    
1000    far     0.5580    0.5569    0.02250       0.03162       0.01570       0.02139       0.4052      0.3021      0.0495    
1000    far     0.7287    0.7300    0.01464       0.03162       0.01406       0.01406       1.1600      0.0396      0.0396    
1000    far     0.0717    0.0712    0.01077       0.03162       0.00816       0.01058       1.9372      0.2424      0.0172    
1000    far     0.4314    0.4320    0.01538       0.03162       0.01566       0.01566       1.0557      0.0181      0.0181    
1000    far     0.8754    0.8748    0.02751       0.03162       0.01045       0.03005       0.1495      0.6203      0.0924    
1000    far     0.0211    0.0215    0.00535       0.03162       0.00455       0.00526       4.9070      0.1501      0.0182    
1000    far     0.4881    0.4875    0.02232       0.03162       0.01581       0.02125       0.4169      0.2917      0.0476    
1000    far     0.3467    0.3459    0.01926       0.03162       0.01505       0.01943       0.6415      0.2188      0.0087    
1000    far     0.6912    0.6918    0.01493       0.03162       0.01461       0.01461       1.1183      0.0213      0.0213    
1000    far     0.5088    0.5065    0.02688       0.03162       0.01581       0.02620       0.1763      0.4120      0.0256    
1000    far     0.4031    0.4038    0.02000       0.03162       0.01551       0.02042       0.5808      0.2246      0.0206    
1000    far     0.5415    0.5413    0.01483       0.03162       0.01576       0.01576       1.1330      0.0628      0.0628    
1000    far     0.6660    0.6654    0.01431       0.03162       0.01491       0.01491       1.2105      0.0425      0.0425    
1000    far     0.5719    0.5727    0.02350       0.03162       0.01565       0.02423       0.3454      0.3343      0.0309    
1000    far     0.6980    0.6986    0.03025       0.03162       0.01452       0.02957       0.0453      0.5201      0.0225    
1000    far     0.3466    0.3461    0.01869       0.03162       0.01505       0.01877       0.6920      0.1948      0.0044    
1000    far     0.7480    0.7475    0.01352       0.03162       0.01373       0.01373       1.3390      0.0155      0.0155    
1000    far     0.5372    0.5370    0.01501       0.03162       0.01577       0.01577       1.1062      0.0502      0.0502    
1000    far     0.5707    0.5693    0.02459       0.03162       0.01565       0.02542       0.2861      0.3634      0.0337    
1000    far     0.9184    0.9128    0.01407       0.03162       0.00866       0.00866       1.2468      0.3849      0.3849    
1000    far     0.4677    0.4679    0.02590       0.03162       0.01578       0.02520       0.2210      0.3908      0.0271    
1000    far     0.0299    0.0296    0.00695       0.03162       0.00538       0.00734       3.5520      0.2253      0.0559    
1000    far     0.7366    0.7362    0.01383       0.03162       0.01393       0.01393       1.2869      0.0073      0.0073    

  Per-N: N       err_simple      err_binomial    err_delta     
  --------------------------------------------------------
  50      1.0727          0.1620          0.1094        
  400     1.0179          0.1768          0.0649        
  1000    1.0274          0.1754          0.0513        

==========================================================================================
Model 3: Q_ms_sequence (sequence_C, 3 subgates)
         estimator: 1 - |0.1504-P_gg| - |0.8496-P_ee|

N       region  Q_true    Q_mean    σ_emp         σ_simple      σ_binomial    σ_delta       err_simple  err_binom   err_delta 
----------------------------------------------------------------------------------------------------------------
50      near    0.3553    0.3567    0.12261       0.14142       0.06768       0.12425       0.1534      0.4480      0.0134    
50      near    0.2036    0.2030    0.11508       0.14142       0.05694       0.12411       0.2289      0.5052      0.0784    
50      near    0.2650    0.2650    0.11954       0.14142       0.06242       0.12149       0.1830      0.4779      0.0163    
50      near    0.3501    0.3519    0.12251       0.14142       0.06746       0.12184       0.1544      0.4494      0.0055    
50      near    0.0960    0.1217    0.10663       0.14142       0.04166       0.12784       0.3263      0.6093      0.1990    
50      near    0.2366    0.2337    0.13570       0.14142       0.06010       0.13568       0.0422      0.5571      0.0002    
50      near    0.4304    0.4283    0.12517       0.14142       0.07002       0.11949       0.1298      0.4406      0.0454    
50      near    0.9345    0.9005    0.05106       0.14142       0.03499       0.03499       1.7698      0.3147      0.3146    
50      near    0.4435    0.4401    0.11229       0.14142       0.07026       0.11737       0.2595      0.3743      0.0452    
50      near    0.2703    0.2673    0.12689       0.14142       0.06281       0.12434       0.1145      0.5050      0.0201    
50      near    0.1924    0.2014    0.12051       0.14142       0.05575       0.12131       0.1735      0.5374      0.0067    
50      near    0.2476    0.2563    0.12919       0.14142       0.06104       0.12839       0.0947      0.5275      0.0062    
50      near    0.5072    0.5064    0.07056       0.14142       0.07070       0.07070       1.0044      0.0021      0.0021    
50      near    0.1556    0.1616    0.11796       0.14142       0.05126       0.12546       0.1989      0.5655      0.0636    
50      near    0.5699    0.5687    0.12035       0.14142       0.07002       0.12138       0.1751      0.4182      0.0086    
50      near    0.2625    0.2625    0.11347       0.14142       0.06222       0.11148       0.2464      0.4516      0.0175    
50      near    0.2854    0.2795    0.12133       0.14142       0.06387       0.12213       0.1656      0.4736      0.0066    
50      near    0.0000    0.0028    0.01553       0.14142       0.00000       0.11769       8.1053      1.0000      6.5775    
50      near    0.5782    0.5852    0.11919       0.14142       0.06984       0.12055       0.1865      0.4141      0.0114    
50      near    0.0000    0.0286    0.05668       0.14142       0.00000       0.12663       1.4951      1.0000      1.2342    
50      near    0.1469    0.1563    0.10888       0.14142       0.05006       0.12019       0.2988      0.5403      0.1039    
50      near    0.6467    0.6158    0.08757       0.14142       0.06760       0.10543       0.6149      0.2281      0.2039    
50      near    0.0000    0.0305    0.05626       0.14142       0.00000       0.12551       1.5138      1.0000      1.2310    
50      near    0.0128    0.0520    0.07037       0.14142       0.01587       0.10645       1.0096      0.7745      0.5127    
50      near    0.3769    0.3705    0.11032       0.14142       0.06854       0.11140       0.2819      0.3788      0.0097    
50      far     0.0889    0.1074    0.09804       0.14142       0.04026       0.11349       0.4425      0.5894      0.1576    
50      far     0.0000    0.0002    0.00451       0.14142       0.00000       0.09366       30.3582     1.0000      19.7671   
50      far     0.0000    0.0000    0.00000       0.14142       0.00000       0.06566       141421356237309.5000  0.0000      65660095147926.7109
50      far     0.5832    0.5759    0.11184       0.14142       0.06972       0.11587       0.2645      0.3766      0.0361    
50      far     0.0000    0.0000    0.00000       0.14142       0.00000       0.04770       141421356237309.5000  0.0000      47697963602455.9062
50      far     0.3081    0.3012    0.09151       0.14142       0.06530       0.09780       0.5454      0.2865      0.0688    
50      far     0.0732    0.0930    0.09512       0.14142       0.03683       0.12015       0.4867      0.6128      0.2631    
50      far     0.0000    0.0000    0.00000       0.14142       0.00000       0.02549       141421356237309.5000  0.0000      25487866953447.4609
50      far     0.0000    0.0013    0.01099       0.14142       0.00000       0.10326       11.8713     1.0000      8.3982    
50      far     0.0000    0.0000    0.00000       0.14142       0.00000       0.06681       141421356237309.5000  0.0000      66808328004657.7812
50      far     0.0000    0.0000    0.00000       0.14142       0.00000       0.08964       141421356237309.5000  0.0000      89642453925225.8906
50      far     0.0000    0.0358    0.05783       0.14142       0.00000       0.10512       1.4455      1.0000      0.8178    
50      far     0.5133    0.4983    0.10247       0.14142       0.07069       0.10949       0.3801      0.3102      0.0685    
50      far     0.0000    0.0141    0.03778       0.14142       0.00000       0.11657       2.7429      1.0000      2.0850    
50      far     0.2037    0.2149    0.12212       0.14142       0.05696       0.12173       0.1581      0.5335      0.0032    
50      far     0.0000    0.0194    0.04641       0.14142       0.00000       0.12673       2.0475      1.0000      1.7309    
50      far     0.0000    0.0002    0.00373       0.14142       0.00000       0.11425       36.8945     1.0000      29.6136   
50      far     0.0000    0.0000    0.00093       0.14142       0.00000       0.09350       150.3791    1.0000      99.0826   
50      far     0.0000    0.0240    0.05199       0.14142       0.00000       0.12703       1.7200      1.0000      1.4431    
50      far     0.1082    0.1149    0.09467       0.14142       0.04394       0.10971       0.4939      0.5359      0.1590    
50      far     0.4772    0.4842    0.13070       0.14142       0.07064       0.13413       0.0821      0.4595      0.0263    
50      far     0.0000    0.0000    0.00000       0.14142       0.00000       0.09043       141421356237309.5000  0.0000      90431188529386.5781
50      far     0.0000    0.0096    0.03072       0.14142       0.00000       0.12234       3.6036      1.0000      2.9824    
50      far     0.0000    0.0000    0.00000       0.14142       0.00000       0.02473       141421356237309.5000  0.0000      24730994108662.2930
50      far     0.3464    0.3508    0.11944       0.14142       0.06729       0.11871       0.1840      0.4366      0.0062    

400     near    0.3553    0.3566    0.04449       0.05000       0.02393       0.04393       0.1240      0.4621      0.0125    
400     near    0.2036    0.2015    0.04404       0.05000       0.02013       0.04388       0.1353      0.5429      0.0037    
400     near    0.2650    0.2661    0.04113       0.05000       0.02207       0.04295       0.2157      0.4634      0.0444    
400     near    0.3501    0.3486    0.04196       0.05000       0.02385       0.04308       0.1916      0.4316      0.0266    
400     near    0.0960    0.0969    0.04553       0.05000       0.01473       0.04520       0.0981      0.6765      0.0073    
400     near    0.2366    0.2362    0.04988       0.05000       0.02125       0.04797       0.0024      0.5740      0.0383    
400     near    0.4304    0.4295    0.04344       0.05000       0.02476       0.04225       0.1510      0.4301      0.0275    
400     near    0.9345    0.9336    0.01440       0.05000       0.01237       0.01237       2.4726      0.1408      0.1407    
400     near    0.4435    0.4428    0.04279       0.05000       0.02484       0.04150       0.1686      0.4195      0.0302    
400     near    0.2703    0.2715    0.04612       0.05000       0.02221       0.04396       0.0841      0.5185      0.0468    
400     near    0.1924    0.1935    0.04191       0.05000       0.01971       0.04289       0.1930      0.5297      0.0233    
400     near    0.2476    0.2523    0.04354       0.05000       0.02158       0.04539       0.1483      0.5044      0.0425    
400     near    0.5072    0.5074    0.02524       0.05000       0.02500       0.02500       0.9810      0.0096      0.0096    
400     near    0.1556    0.1579    0.04535       0.05000       0.01812       0.04436       0.1025      0.6004      0.0219    
400     near    0.5699    0.5710    0.04217       0.05000       0.02475       0.04292       0.1857      0.4130      0.0177    
400     near    0.2625    0.2649    0.04100       0.05000       0.02200       0.03942       0.2195      0.4635      0.0387    
400     near    0.2854    0.2848    0.04493       0.05000       0.02258       0.04318       0.1129      0.4974      0.0389    
400     near    0.0000    0.0000    0.00000       0.05000       0.00000       0.04161       50000000000000.0000  0.0000      41610492491888.4922
400     near    0.5782    0.5770    0.04225       0.05000       0.02469       0.04262       0.1835      0.4156      0.0088    
400     near    0.0000    0.0042    0.01301       0.05000       0.00000       0.04477       2.8446      1.0000      2.4425    
400     near    0.1469    0.1458    0.04363       0.05000       0.01770       0.04250       0.1461      0.5943      0.0259    
400     near    0.6467    0.6419    0.03247       0.05000       0.02390       0.03728       0.5400      0.2639      0.1480    
400     near    0.0000    0.0038    0.01201       0.05000       0.00000       0.04437       3.1640      1.0000      2.6955    
400     near    0.0128    0.0240    0.02713       0.05000       0.00561       0.03764       0.8432      0.7932      0.3875    
400     near    0.3769    0.3764    0.04167       0.05000       0.02423       0.03938       0.1998      0.4185      0.0549    
400     far     0.0889    0.0882    0.04356       0.05000       0.01423       0.04012       0.1477      0.6733      0.0790    
400     far     0.0000    0.0000    0.00000       0.05000       0.00000       0.03311       50000000000000.0000  0.0000      33112781215616.8477
400     far     0.0000    0.0000    0.00000       0.05000       0.00000       0.02321       50000000000000.0000  0.0000      23214349266226.4492
400     far     0.5832    0.5832    0.03996       0.05000       0.02465       0.04097       0.2514      0.3830      0.0253    
400     far     0.0000    0.0000    0.00000       0.05000       0.00000       0.01686       50000000000000.0000  0.0000      16863776756042.8457
400     far     0.3081    0.3082    0.03347       0.05000       0.02309       0.03458       0.4940      0.3102      0.0332    
400     far     0.0732    0.0739    0.04093       0.05000       0.01302       0.04248       0.2217      0.6818      0.0379    
400     far     0.0000    0.0000    0.00000       0.05000       0.00000       0.00901       50000000000000.0000  0.0000      9011321780381.6055
400     far     0.0000    0.0000    0.00000       0.05000       0.00000       0.03651       50000000000000.0000  0.0000      36508567566257.5391
400     far     0.0000    0.0000    0.00000       0.05000       0.00000       0.02362       50000000000000.0000  0.0000      23620310885914.3242
400     far     0.0000    0.0000    0.00000       0.05000       0.00000       0.03169       50000000000000.0000  0.0000      31693393526364.9336
400     far     0.0000    0.0077    0.01547       0.05000       0.00000       0.03717       2.2316      1.0000      1.4021    
400     far     0.5133    0.5117    0.03657       0.05000       0.02499       0.03871       0.3673      0.3166      0.0585    
400     far     0.0000    0.0001    0.00116       0.05000       0.00000       0.04121       42.2409     1.0000      34.6411   
400     far     0.2037    0.2014    0.04447       0.05000       0.02014       0.04304       0.1243      0.5472      0.0323    
400     far     0.0000    0.0004    0.00281       0.05000       0.00000       0.04481       16.7824     1.0000      14.9350   
400     far     0.0000    0.0000    0.00000       0.05000       0.00000       0.04039       50000000000000.0000  0.0000      40393165883154.8438
400     far     0.0000    0.0000    0.00000       0.05000       0.00000       0.03306       50000000000000.0000  0.0000      33056957274598.5703
400     far     0.0000    0.0020    0.00853       0.05000       0.00000       0.04491       4.8616      1.0000      4.2649    
400     far     0.1082    0.1082    0.03742       0.05000       0.01553       0.03879       0.3362      0.5849      0.0366    
400     far     0.4772    0.4774    0.05110       0.05000       0.02497       0.04742       0.0215      0.5113      0.0719    
400     far     0.0000    0.0000    0.00000       0.05000       0.00000       0.03197       50000000000000.0000  0.0000      31972253319944.1914
400     far     0.0000    0.0000    0.00000       0.05000       0.00000       0.04325       50000000000000.0000  0.0000      43253409663694.0391
400     far     0.0000    0.0000    0.00000       0.05000       0.00000       0.00874       50000000000000.0000  0.0000      8743726819859.8320
400     far     0.3464    0.3440    0.04306       0.05000       0.02379       0.04197       0.1612      0.4475      0.0253    

1000    near    0.3553    0.3555    0.02664       0.03162       0.01513       0.02778       0.1871      0.4319      0.0430    
1000    near    0.2036    0.2024    0.02817       0.03162       0.01273       0.02775       0.1225      0.5481      0.0150    
1000    near    0.2650    0.2674    0.02641       0.03162       0.01396       0.02717       0.1975      0.4715      0.0288    
1000    near    0.3501    0.3481    0.02710       0.03162       0.01508       0.02724       0.1670      0.4433      0.0054    
1000    near    0.0960    0.0965    0.02831       0.03162       0.00931       0.02859       0.1169      0.6710      0.0097    
1000    near    0.2366    0.2382    0.03108       0.03162       0.01344       0.03034       0.0174      0.5676      0.0239    
1000    near    0.4304    0.4312    0.02579       0.03162       0.01566       0.02672       0.2261      0.3929      0.0360    
1000    near    0.9345    0.9343    0.00775       0.03162       0.00782       0.00782       3.0787      0.0092      0.0093    
1000    near    0.4435    0.4431    0.02624       0.03162       0.01571       0.02624       0.2052      0.4013      0.0002    
1000    near    0.2703    0.2722    0.02964       0.03162       0.01404       0.02780       0.0669      0.5262      0.0619    
1000    near    0.1924    0.1928    0.02748       0.03162       0.01247       0.02713       0.1509      0.5463      0.0128    
1000    near    0.2476    0.2508    0.02828       0.03162       0.01365       0.02871       0.1181      0.5174      0.0151    
1000    near    0.5072    0.5077    0.01649       0.03162       0.01581       0.01581       0.9180      0.0411      0.0411    
1000    near    0.1556    0.1549    0.02751       0.03162       0.01146       0.02805       0.1496      0.5833      0.0199    
1000    near    0.5699    0.5689    0.02676       0.03162       0.01566       0.02714       0.1815      0.4150      0.0141    
1000    near    0.2625    0.2622    0.02397       0.03162       0.01391       0.02493       0.3190      0.4197      0.0398    
1000    near    0.2854    0.2840    0.02684       0.03162       0.01428       0.02731       0.1782      0.4679      0.0175    
1000    near    0.0000    0.0000    0.00000       0.03162       0.00000       0.02632       31622776601683.7891  0.0000      26316786167140.6094
1000    near    0.5782    0.5793    0.02607       0.03162       0.01562       0.02696       0.2129      0.4010      0.0339    
1000    near    0.0000    0.0007    0.00340       0.03162       0.00000       0.02832       8.3141      1.0000      7.3399    
1000    near    0.1469    0.1496    0.02840       0.03162       0.01119       0.02688       0.1136      0.6058      0.0535    
1000    near    0.6467    0.6455    0.02190       0.03162       0.01512       0.02357       0.4438      0.3098      0.0764    
1000    near    0.0000    0.0007    0.00404       0.03162       0.00000       0.02807       6.8261      1.0000      5.9456    
1000    near    0.0128    0.0162    0.01656       0.03162       0.00355       0.02380       0.9091      0.7858      0.4371    
1000    near    0.3769    0.3776    0.02406       0.03162       0.01533       0.02491       0.3141      0.3631      0.0351    
1000    far     0.0889    0.0885    0.02482       0.03162       0.00900       0.02538       0.2738      0.6374      0.0222    
1000    far     0.0000    0.0000    0.00000       0.03162       0.00000       0.02094       31622776601683.7891  0.0000      20942361660837.6641
1000    far     0.0000    0.0000    0.00000       0.03162       0.00000       0.01468       31622776601683.7891  0.0000      14682043615986.8223
1000    far     0.5832    0.5833    0.02458       0.03162       0.01559       0.02591       0.2865      0.3657      0.0540    
1000    far     0.0000    0.0000    0.00000       0.03162       0.00000       0.01067       31622776601683.7891  0.0000      10665588900340.2148
1000    far     0.3081    0.3071    0.02240       0.03162       0.01460       0.02187       0.4117      0.3482      0.0237    
1000    far     0.0732    0.0746    0.02577       0.03162       0.00824       0.02687       0.2272      0.6804      0.0426    
1000    far     0.0000    0.0000    0.00000       0.03162       0.00000       0.00570       31622776601683.7891  0.0000      5699260310937.8984
1000    far     0.0000    0.0000    0.00000       0.03162       0.00000       0.02309       31622776601683.7891  0.0000      23090045523904.8086
1000    far     0.0000    0.0000    0.00000       0.03162       0.00000       0.01494       31622776601683.7891  0.0000      14938796288151.7695
1000    far     0.0000    0.0000    0.00000       0.03162       0.00000       0.02004       31622776601683.7891  0.0000      20044662064669.7930
1000    far     0.0000    0.0030    0.00813       0.03162       0.00000       0.02351       2.8891      1.0000      1.8909    
1000    far     0.5133    0.5146    0.02376       0.03162       0.01581       0.02448       0.3307      0.3349      0.0302    
1000    far     0.0000    0.0000    0.00013       0.03162       0.00000       0.02606       247.6422    1.0000      203.9425  
1000    far     0.2037    0.2058    0.02686       0.03162       0.01274       0.02722       0.1773      0.5258      0.0134    
1000    far     0.0000    0.0000    0.00032       0.03162       0.00000       0.02834       98.8126     1.0000      88.4430   
1000    far     0.0000    0.0000    0.00000       0.03162       0.00000       0.02555       31622776601683.7891  0.0000      25546881219155.2227
1000    far     0.0000    0.0000    0.00000       0.03162       0.00000       0.02091       31622776601683.7891  0.0000      20907055500520.7305
1000    far     0.0000    0.0004    0.00279       0.03162       0.00000       0.02840       10.3311     1.0000      9.1777    
1000    far     0.1082    0.1092    0.02461       0.03162       0.00982       0.02453       0.2847      0.6009      0.0033    
1000    far     0.4772    0.4759    0.03094       0.03162       0.01579       0.02999       0.0221      0.4895      0.0306    
1000    far     0.0000    0.0000    0.00000       0.03162       0.00000       0.02022       31622776601683.7891  0.0000      20221028483780.7617
1000    far     0.0000    0.0000    0.00000       0.03162       0.00000       0.02736       31622776601683.7891  0.0000      27355858221122.1484
1000    far     0.0000    0.0000    0.00000       0.03162       0.00000       0.00553       31622776601683.7891  0.0000      5530018397811.5703
1000    far     0.3464    0.3453    0.02672       0.03162       0.01505       0.02654       0.1834      0.4369      0.0067    

  Per-N: N       err_simple      err_binomial    err_delta     
  --------------------------------------------------------
  50      19798989873228.5938  0.5227          8209177805438.7998
  400     13000000000001.6348  0.4124          7461090129000.1299
  1000    8221921916445.4951  0.4068          4718807727093.5596

==========================================================================================
Model 4: Q_noisy (single-gate parity scan + cosine fit)
         estimator: (1 - P_odd + |C|) / 2   (σ_delta not applicable)

N       region  Q_true    Q_mean    σ_emp         σ_simple      σ_binomial    err_simple  err_binom 
--------------------------------------------------------------------------------------------
50      near    0.4908    0.6015    0.03756       0.14142       0.07070       2.7649      0.8821    
50      near    0.6175    0.6153    0.03447       0.14142       0.06873       3.1022      0.9937    
50      near    0.5870    0.5866    0.03081       0.14142       0.06963       3.5900      1.2600    
50      near    0.6092    0.6083    0.03238       0.14142       0.06900       3.3671      1.1308    
50      near    0.8671    0.8685    0.01936       0.14142       0.04801       6.3038      1.4794    
50      near    0.9208    0.9221    0.01413       0.14142       0.03819       9.0056      1.7022    
50      near    0.7937    0.8016    0.03054       0.14142       0.05723       3.6302      0.8737    
50      near    0.9768    0.9756    0.01380       0.14142       0.02131       9.2442      0.5435    
50      near    0.5806    0.6357    0.03629       0.14142       0.06979       2.8975      0.9233    
50      near    0.8231    0.8230    0.02642       0.14142       0.05396       4.3526      1.0424    
50      near    0.6159    0.6131    0.03238       0.14142       0.06878       3.3680      1.1245    
50      near    0.8417    0.8433    0.02510       0.14142       0.05162       4.6342      1.0566    
50      near    0.3763    0.6360    0.10391       0.14142       0.06851       0.3610      0.3407    
50      near    0.8311    0.8320    0.02264       0.14142       0.05299       5.2477      1.3408    
50      near    0.9354    0.9367    0.01949       0.14142       0.03476       6.2554      0.7835    
50      near    0.6095    0.6371    0.03434       0.14142       0.06899       3.1180      1.0090    
50      near    0.5454    0.6504    0.03662       0.14142       0.07042       2.8623      0.9232    
50      near    0.8200    0.8230    0.01724       0.14142       0.05433       7.2053      2.1523    
50      near    0.9140    0.9146    0.02148       0.14142       0.03965       5.5847      0.8464    
50      near    0.7944    0.7978    0.02203       0.14142       0.05715       5.4182      1.5938    
50      near    0.5481    0.5628    0.03135       0.14142       0.07038       3.5109      1.2450    
50      near    0.7254    0.7387    0.03222       0.14142       0.06312       3.3891      0.9589    
50      near    0.8577    0.8590    0.01770       0.14142       0.04940       6.9907      1.7915    
50      near    0.5916    0.6039    0.03254       0.14142       0.06951       3.3464      1.1364    
50      near    0.6154    0.6482    0.03568       0.14142       0.06880       2.9637      0.9284    
50      far     0.5261    0.5361    0.03867       0.14142       0.07061       2.6569      0.8260    
50      far     0.4839    0.7780    0.03516       0.14142       0.07067       3.0221      1.0100    
50      far     0.4751    0.7765    0.03488       0.14142       0.07062       3.0543      1.0247    
50      far     0.6686    0.6678    0.03181       0.14142       0.06657       3.4465      1.0930    
50      far     0.5517    0.5591    0.02879       0.14142       0.07033       3.9114      1.4425    
50      far     0.4902    0.4603    0.11860       0.14142       0.07070       0.1924      0.4039    
50      far     0.5885    0.5887    0.02938       0.14142       0.06959       3.8129      1.3685    
50      far     0.5091    0.5536    0.05839       0.14142       0.07070       1.4218      0.2107    
50      far     0.5193    0.5693    0.03477       0.14142       0.07066       3.0673      1.0321    
50      far     0.4849    0.5277    0.05726       0.14142       0.07068       1.4700      0.2344    
50      far     0.4885    0.5510    0.04368       0.14142       0.07069       2.2380      0.6186    
50      far     0.4802    0.5218    0.04049       0.14142       0.07066       2.4924      0.7448    
50      far     0.7310    0.7491    0.03158       0.14142       0.06271       3.4779      0.9856    
50      far     0.3884    0.6452    0.19596       0.14142       0.06893       0.2783      0.6483    
50      far     0.3650    0.5185    0.04497       0.14142       0.06808       2.1446      0.5139    
50      far     0.8560    0.8568    0.01477       0.14142       0.04966       8.5726      2.3613    
50      far     0.7916    0.7905    0.01683       0.14142       0.05744       7.4009      2.4119    
50      far     0.4973    0.5447    0.03811       0.14142       0.07071       2.7111      0.8555    
50      far     0.4984    0.5745    0.03945       0.14142       0.07071       2.5851      0.7926    
50      far     0.5282    0.6805    0.19928       0.14142       0.07060       0.2903      0.6457    
50      far     0.9344    0.9341    0.01677       0.14142       0.03502       7.4344      1.0885    
50      far     0.7585    0.7592    0.02177       0.14142       0.06052       5.4955      1.7798    
50      far     0.8114    0.8117    0.01741       0.14142       0.05532       7.1248      2.1783    
50      far     0.5117    0.5555    0.07264       0.14142       0.07069       0.9468      0.0269    
50      far     0.2561    0.4647    0.12707       0.14142       0.06173       0.1129      0.5142    

400     near    0.4908    0.6016    0.01370       0.05000       0.02500       2.6507      0.8251    
400     near    0.6175    0.6122    0.01221       0.05000       0.02430       3.0944      0.9899    
400     near    0.5870    0.5846    0.01127       0.05000       0.02462       3.4362      1.1843    
400     near    0.6092    0.6068    0.01228       0.05000       0.02440       3.0712      0.9865    
400     near    0.8671    0.8666    0.00721       0.05000       0.01697       5.9302      1.3526    
400     near    0.9208    0.9205    0.00502       0.05000       0.01350       8.9510      1.6874    
400     near    0.7937    0.7968    0.01123       0.05000       0.02023       3.4504      0.8009    
400     near    0.9768    0.9769    0.00479       0.05000       0.00753       9.4342      0.5722    
400     near    0.5806    0.6345    0.01340       0.05000       0.02467       2.7304      0.8408    
400     near    0.8231    0.8227    0.00867       0.05000       0.01908       4.7677      1.2008    
400     near    0.6159    0.6111    0.01236       0.05000       0.02432       3.0448      0.9673    
400     near    0.8417    0.8421    0.00868       0.05000       0.01825       4.7571      1.1015    
400     near    0.3763    0.6366    0.07452       0.05000       0.02422       0.3291      0.6750    
400     near    0.8311    0.8306    0.00861       0.05000       0.01873       4.8063      1.1755    
400     near    0.9354    0.9356    0.00650       0.05000       0.01229       6.6948      0.8915    
400     near    0.6095    0.6361    0.01253       0.05000       0.02439       2.9917      0.9473    
400     near    0.5454    0.6521    0.01379       0.05000       0.02490       2.6259      0.8055    
400     near    0.8200    0.8203    0.00582       0.05000       0.01921       7.5963      2.3026    
400     near    0.9140    0.9147    0.00732       0.05000       0.01402       5.8323      0.9158    
400     near    0.7944    0.7954    0.00834       0.05000       0.02021       4.9929      1.4220    
400     near    0.5481    0.5549    0.01183       0.05000       0.02488       3.2254      1.1029    
400     near    0.7254    0.7397    0.01141       0.05000       0.02232       3.3837      0.9565    
400     near    0.8577    0.8583    0.00586       0.05000       0.01747       7.5373      1.9824    
400     near    0.5916    0.6013    0.01137       0.05000       0.02458       3.3961      1.1608    
400     near    0.6154    0.6469    0.01201       0.05000       0.02433       3.1626      1.0251    
400     far     0.5261    0.5235    0.01277       0.05000       0.02497       2.9161      0.9554    
400     far     0.4839    0.7768    0.01309       0.05000       0.02499       2.8193      0.9087    
400     far     0.4751    0.7758    0.01274       0.05000       0.02497       2.9255      0.9603    
400     far     0.6686    0.6678    0.01020       0.05000       0.02354       3.9009      1.3069    
400     far     0.5517    0.5512    0.00686       0.05000       0.02487       6.2861      2.6235    
400     far     0.4902    0.4489    0.05742       0.05000       0.02500       0.1292      0.5647    
400     far     0.5885    0.5886    0.00994       0.05000       0.02461       4.0313      1.4759    
400     far     0.5091    0.5264    0.04119       0.05000       0.02500       0.2139      0.3932    
400     far     0.5193    0.5687    0.01257       0.05000       0.02498       2.9762      0.9866    
400     far     0.4849    0.5004    0.02952       0.05000       0.02499       0.6936      0.1536    
400     far     0.4885    0.5483    0.01264       0.05000       0.02499       2.9556      0.9773    
400     far     0.4802    0.5300    0.02034       0.05000       0.02498       1.4577      0.2279    
400     far     0.7310    0.7472    0.01096       0.05000       0.02217       3.5609      1.0224    
400     far     0.3884    0.7422    0.16649       0.05000       0.02437       0.6997      0.8536    
400     far     0.3650    0.5122    0.01504       0.05000       0.02407       2.3253      0.6009    
400     far     0.8560    0.8562    0.00551       0.05000       0.01756       8.0729      2.1858    
400     far     0.7916    0.7915    0.00532       0.05000       0.02031       8.3959      2.8160    
400     far     0.4973    0.5422    0.01232       0.05000       0.02500       3.0568      1.0284    
400     far     0.4984    0.5680    0.01332       0.05000       0.02500       2.7528      0.8764    
400     far     0.5282    0.7745    0.17178       0.05000       0.02496       0.7089      0.8547    
400     far     0.9344    0.9347    0.00555       0.05000       0.01238       8.0041      1.2296    
400     far     0.7585    0.7585    0.00768       0.05000       0.02140       5.5121      1.7869    
400     far     0.8114    0.8115    0.00631       0.05000       0.01956       6.9276      2.1011    
400     far     0.5117    0.5261    0.04170       0.05000       0.02499       0.1991      0.4006    
400     far     0.2561    0.4512    0.10087       0.05000       0.02183       0.5043      0.7836    

1000    near    0.4908    0.6020    0.00887       0.03162       0.01581       2.5637      0.7815    
1000    near    0.6175    0.6109    0.00793       0.03162       0.01537       2.9872      0.9378    
1000    near    0.5870    0.5833    0.00717       0.03162       0.01557       3.4094      1.1710    
1000    near    0.6092    0.6069    0.00724       0.03162       0.01543       3.3654      1.1300    
1000    near    0.8671    0.8670    0.00423       0.03162       0.01073       6.4802      1.5393    
1000    near    0.9208    0.9209    0.00342       0.03162       0.00854       8.2433      1.4963    
1000    near    0.7937    0.7959    0.00709       0.03162       0.01280       3.4607      0.8050    
1000    near    0.9768    0.9765    0.00323       0.03162       0.00476       8.7880      0.4748    
1000    near    0.5806    0.6339    0.00945       0.03162       0.01560       2.3453      0.6508    
1000    near    0.8231    0.8234    0.00576       0.03162       0.01207       4.4862      1.0934    
1000    near    0.6159    0.6116    0.00826       0.03162       0.01538       2.8283      0.8620    
1000    near    0.8417    0.8422    0.00556       0.03162       0.01154       4.6826      1.0743    
1000    near    0.3763    0.6217    0.05371       0.03162       0.01532       0.4112      0.7147    
1000    near    0.8311    0.8309    0.00536       0.03162       0.01185       4.8976      1.2097    
1000    near    0.9354    0.9358    0.00432       0.03162       0.00777       6.3228      0.8001    
1000    near    0.6095    0.6373    0.00769       0.03162       0.01543       3.1145      1.0073    
1000    near    0.5454    0.6511    0.00841       0.03162       0.01575       2.7586      0.8716    
1000    near    0.8200    0.8201    0.00401       0.03162       0.01215       6.8850      2.0293    
1000    near    0.9140    0.9144    0.00452       0.03162       0.00887       6.0006      0.9630    
1000    near    0.7944    0.7948    0.00484       0.03162       0.01278       5.5272      1.6379    
1000    near    0.5481    0.5514    0.00884       0.03162       0.01574       2.5784      0.7809    
1000    near    0.7254    0.7378    0.00775       0.03162       0.01411       3.0814      0.8216    
1000    near    0.8577    0.8578    0.00366       0.03162       0.01105       7.6307      2.0151    
1000    near    0.5916    0.6015    0.00704       0.03162       0.01554       3.4898      1.2069    
1000    near    0.6154    0.6460    0.00771       0.03162       0.01538       3.1024      0.9959    
1000    far     0.5261    0.5248    0.00843       0.03162       0.01579       2.7525      0.8737    
1000    far     0.4839    0.7775    0.00794       0.03162       0.01580       2.9806      0.9893    
1000    far     0.4751    0.7768    0.00779       0.03162       0.01579       3.0579      1.0264    
1000    far     0.6686    0.6681    0.00675       0.03162       0.01488       3.6842      1.2049    
1000    far     0.5517    0.5518    0.00430       0.03162       0.01573       6.3459      2.6533    
1000    far     0.4902    0.4522    0.05186       0.03162       0.01581       0.3902      0.6952    
1000    far     0.5885    0.5882    0.00634       0.03162       0.01556       3.9906      1.4559    
1000    far     0.5091    0.5153    0.01389       0.03162       0.01581       1.2769      0.1383    
1000    far     0.5193    0.5679    0.00880       0.03162       0.01580       2.5919      0.7946    
1000    far     0.4849    0.4895    0.01419       0.03162       0.01580       1.2279      0.1134    
1000    far     0.4885    0.5473    0.00773       0.03162       0.01581       3.0930      1.0460    
1000    far     0.4802    0.5312    0.01240       0.03162       0.01580       1.5508      0.2744    
1000    far     0.7310    0.7465    0.00714       0.03162       0.01402       3.4316      0.9651    
1000    far     0.3884    0.7744    0.13439       0.03162       0.01541       0.7647      0.8853    
1000    far     0.3650    0.5138    0.00886       0.03162       0.01522       2.5700      0.7187    
1000    far     0.8560    0.8559    0.00335       0.03162       0.01110       8.4518      2.3189    
1000    far     0.7916    0.7918    0.00352       0.03162       0.01284       7.9944      2.6529    
1000    far     0.4973    0.5413    0.00817       0.03162       0.01581       2.8709      0.9354    
1000    far     0.4984    0.5678    0.00876       0.03162       0.01581       2.6119      0.8059    
1000    far     0.5282    0.8417    0.11341       0.03162       0.01579       0.7212      0.8608    
1000    far     0.9344    0.9346    0.00342       0.03162       0.00783       8.2361      1.2870    
1000    far     0.7585    0.7586    0.00485       0.03162       0.01353       5.5183      1.7896    
1000    far     0.8114    0.8113    0.00381       0.03162       0.01237       7.3024      2.2478    
1000    far     0.5117    0.5155    0.01806       0.03162       0.01581       0.7515      0.1245    
1000    far     0.2561    0.4458    0.09047       0.03162       0.01380       0.6505      0.8474    

  Per-N: N       err_simple      err_binomial  
  ----------------------------------------
  50      3.8375          1.0575        
  400     3.8784          1.1189        
  1000    3.8852          1.0955        

==========================================================================================
Cross-model summary — mean relative error |σ_model - σ_emp| / σ_emp
(lower = better; N/A = not applicable to that estimator)

Model                   err_simple      err_binomial    err_delta     
--------------------------------------------------------------------
Q_varMS(2ms)            2.2528          0.0262          N/A           
Q_varMS_balance         1.0393          0.1714          0.0752        
Q_ms_sequence           13673637263225.2363  0.4473          6796358553844.1582
Q_noisy                 3.8670          1.0906          N/A           
