N       Q_det    Q_mean    σ_empirical   σ_simple      σ_correct     err_simple  err_correct
50      0.4674   0.2800   0.07091       0.14142       0.06350       0.9943      0.1046    
50      0.5191   0.1800   0.05714       0.14142       0.05433       1.4749      0.0492    
50      0.4626   0.1400   0.04957       0.14142       0.04907       1.8530      0.0101    
50      0.5058   0.4600   0.07120       0.14142       0.07048       0.9863      0.0101    
50      0.6221   0.2800   0.06934       0.14142       0.06350       1.0395      0.0843    
50      0.5792   0.0800   0.03876       0.14142       0.03837       2.6490      0.0101    
50      0.5868   0.0600   0.03393       0.14142       0.03359       3.1684      0.0101    
50      0.8412   0.7600   0.05918       0.14142       0.06040       1.3898      0.0206    
50      0.5615   0.0400   0.03393       0.14142       0.02771       3.1684      0.1832    
50      0.8248   0.5400   0.07051       0.14142       0.07048       1.0057      0.0003    
50      0.5012   0.0200   0.02000       0.14142       0.01980       6.0711      0.0101    
50      0.4794   0.0000   0.00000       0.14142       0.00000       141421356237309.5000  0.0000    
50      0.3168   0.0600   0.04957       0.14142       0.03359       1.8530      0.3225    
50      0.6896   0.2200   0.05237       0.14142       0.05858       1.7003      0.1186    
50      0.5770   0.0000   0.02000       0.14142       0.00000       6.0711      1.0000    
50      0.5025   0.0000   0.00000       0.14142       0.00000       141421356237309.5000  0.0000    
50      0.4201   0.1200   0.05237       0.14142       0.04596       1.7003      0.1225    
50      0.5170   0.0600   0.04642       0.14142       0.03359       2.0464      0.2765    
50      0.5987   0.0400   0.02799       0.14142       0.02771       4.0518      0.0101    
50      0.4846   0.0800   0.04642       0.14142       0.03837       2.0464      0.1735    
100     0.4674   0.3500   0.04852       0.10000       0.04770       1.0609      0.0170    
100     0.5191   0.1600   0.04352       0.10000       0.03666       1.2978      0.1576    
100     0.4626   0.1200   0.02876       0.10000       0.03250       2.4768      0.1298    
100     0.5058   0.5500   0.05024       0.10000       0.04975       0.9904      0.0098    
100     0.6221   0.2900   0.04902       0.10000       0.04538       1.0400      0.0743    
100     0.5792   0.0400   0.02190       0.10000       0.01960       3.5653      0.1054    
100     0.5868   0.0600   0.02876       0.10000       0.02375       2.4768      0.1743    
100     0.8412   0.6700   0.04688       0.10000       0.04702       1.1330      0.0030    
100     0.5615   0.1100   0.02387       0.10000       0.03129       3.1897      0.3109    
100     0.8248   0.5000   0.05009       0.10000       0.05000       0.9964      0.0018    
100     0.5012   0.0000   0.01407       0.10000       0.00000       6.1071      1.0000    
100     0.4794   0.0000   0.00000       0.10000       0.00000       100000000000000.0000  0.0000    
100     0.3168   0.1200   0.03487       0.10000       0.03250       1.8675      0.0682    
100     0.6896   0.2700   0.04462       0.10000       0.04440       1.2412      0.0050    
100     0.5770   0.0300   0.01407       0.10000       0.01706       6.1071      0.2124    
100     0.5025   0.0000   0.00000       0.10000       0.00000       100000000000000.0000  0.0000    
100     0.4201   0.1800   0.03775       0.10000       0.03842       1.6488      0.0176    
100     0.5170   0.1400   0.03380       0.10000       0.03470       1.9586      0.0266    
100     0.5987   0.0100   0.01714       0.10000       0.00995       4.8327      0.4197    
100     0.4846   0.0600   0.03145       0.10000       0.02375       2.1800      0.2448    
250     0.4674   0.3640   0.03010       0.06325       0.03043       1.1009      0.0108    
250     0.5191   0.2040   0.02659       0.06325       0.02549       1.3788      0.0414    
250     0.4626   0.1280   0.01967       0.06325       0.02113       2.2154      0.0742    
250     0.5058   0.5720   0.03167       0.06325       0.03129       0.9970      0.0119    
250     0.6221   0.2880   0.02936       0.06325       0.02864       1.1541      0.0246    
250     0.5792   0.0600   0.01795       0.06325       0.01502       2.5228      0.1634    
250     0.5868   0.0760   0.01457       0.06325       0.01676       3.3406      0.1503    
250     0.8412   0.7000   0.02926       0.06325       0.02898       1.1617      0.0094    
250     0.5615   0.0880   0.01638       0.06325       0.01792       2.8609      0.0938    
250     0.8248   0.4680   0.03165       0.06325       0.03156       0.9983      0.0029    
250     0.5012   0.0200   0.00565       0.06325       0.00885       10.2029     0.5684    
250     0.4794   0.0000   0.00690       0.06325       0.00000       8.1656      1.0000    
250     0.3168   0.0800   0.01832       0.06325       0.01716       2.4530      0.0632    
250     0.6896   0.2640   0.02691       0.06325       0.02788       1.3503      0.0360    
250     0.5770   0.0280   0.00690       0.06325       0.01043       8.1656      0.5121    
250     0.5025   0.0000   0.00000       0.06325       0.00000       63245553203367.5781  0.0000    
250     0.4201   0.1880   0.02199       0.06325       0.02471       1.8762      0.1238    
250     0.5170   0.1440   0.02225       0.06325       0.02220       1.8426      0.0020    
250     0.5987   0.0280   0.01242       0.06325       0.01043       4.0929      0.1598    
250     0.4846   0.1120   0.02089       0.06325       0.01995       2.0281      0.0450    
500     0.4674   0.3320   0.02129       0.04472       0.02106       1.1001      0.0110    
500     0.5191   0.1840   0.01797       0.04472       0.01733       1.4882      0.0359    
500     0.4626   0.1180   0.01355       0.04472       0.01443       2.3009      0.0649    
500     0.5058   0.4960   0.02237       0.04472       0.02236       0.9988      0.0006    
500     0.6221   0.2800   0.02035       0.04472       0.02008       1.1971      0.0135    
500     0.5792   0.0520   0.01029       0.04472       0.00993       3.3450      0.0353    
500     0.5868   0.0800   0.01096       0.04472       0.01213       3.0817      0.1073    
500     0.8412   0.7120   0.02001       0.04472       0.02025       1.2348      0.0120    
500     0.5615   0.1120   0.01367       0.04472       0.01410       2.2726      0.0321    
500     0.8248   0.4320   0.02238       0.04472       0.02215       0.9983      0.0102    
500     0.5012   0.0260   0.00595       0.04472       0.00712       6.5140      0.1957    
500     0.4794   0.0100   0.00526       0.04472       0.00445       7.5028      0.1540    
500     0.3168   0.0920   0.01331       0.04472       0.01293       2.3601      0.0289    
500     0.6896   0.2220   0.01872       0.04472       0.01859       1.3886      0.0073    
500     0.5770   0.0160   0.00739       0.04472       0.00561       5.0555      0.2402    
500     0.5025   0.0000   0.00000       0.04472       0.00000       44721359549995.7891  0.0000    
500     0.4201   0.1660   0.01674       0.04472       0.01664       1.6721      0.0058    
500     0.5170   0.1580   0.01598       0.04472       0.01631       1.7978      0.0205    
500     0.5987   0.0200   0.00685       0.04472       0.00626       5.5273      0.0862    
500     0.4846   0.0840   0.01331       0.04472       0.01241       2.3601      0.0680    
1000    0.4674   0.3460   0.01506       0.03162       0.01504       1.0997      0.0012    
1000    0.5191   0.2010   0.01188       0.03162       0.01267       1.6608      0.0663    
1000    0.4626   0.1220   0.01002       0.03162       0.01035       2.1571      0.0333    
1000    0.5058   0.5160   0.01581       0.03162       0.01580       1.0000      0.0005    
1000    0.6221   0.3160   0.01433       0.03162       0.01470       1.2072      0.0262    
1000    0.5792   0.0620   0.00663       0.03162       0.00763       3.7712      0.1506    
1000    0.5868   0.0630   0.00838       0.03162       0.00768       2.7717      0.0836    
1000    0.8412   0.6910   0.01488       0.03162       0.01461       1.1256      0.0178    
1000    0.5615   0.0830   0.00828       0.03162       0.00872       2.8182      0.0534    
1000    0.8248   0.4580   0.01575       0.03162       0.01576       1.0079      0.0004    
1000    0.5012   0.0270   0.00432       0.03162       0.00513       6.3210      0.1866    
1000    0.4794   0.0050   0.00244       0.03162       0.00223       11.9424     0.0871    
1000    0.3168   0.1000   0.00901       0.03162       0.00949       2.5102      0.0531    
1000    0.6896   0.2670   0.01396       0.03162       0.01399       1.2647      0.0019    
1000    0.5770   0.0150   0.00421       0.03162       0.00384       6.5178      0.0862    
1000    0.5025   0.0000   0.00000       0.03162       0.00000       31622776601683.7891  0.0000    
1000    0.4201   0.1440   0.01160       0.03162       0.01110       1.7264      0.0428    
1000    0.5170   0.1570   0.01098       0.03162       0.01150       1.8805      0.0479    
1000    0.5987   0.0190   0.00484       0.03162       0.00432       5.5306      0.1084    
1000    0.4846   0.1040   0.00945       0.03162       0.00965       2.3466      0.0216