iter,total_shots,n_train,m_rec,m_rec_raw,s_rec,m_rec_lcb,surrogate_confident,x_rec_u1,x_rec_u2,x_rec_u3,x_acq_u1,x_acq_u2,x_acq_u3,m_acq,s_acq,acq_score,y_acq,y_acq_second,y_rec_check,y_rec_second,q_det_rec,q_det_acq,acq_source,kappa_eff,supported_q,supported_count,health_bad,stagnation_count,restart_id,restart_failure_count,restart_signal,restart_best_signal,restart_triggered,restart_seed,boundary_streak,scout_remaining,stop_supported,center_jitter_u1,center_jitter_u2,center_jitter_u3,true_opt_u1,true_opt_u2,true_opt_u3,stopped_early
1,13000,13,0.88928387995823321,0.88928387995823321,0.072154840342075838,0.81857213642299886,false,0.06464609014471448,-0.0016688329931180733,0.43007486764586716,0.0032361186308298429,-0.088663902592699628,0.49268872973286881,0.86427337530657544,0.1026832590908671,1.059371567579223,0.67100000000000004,NaN,NaN,NaN,0.94851807540717703,0.66350756836827196,ucb,1.8999999999999999,-Inf,0,false,0,0,0,0.81857213642299886,-Inf,false,0,0,0,true,0,0,0,-0,-0,-0,false
2,14000,14,0.85796715873208496,0.85796715873208496,0.012930847005423549,0.84529492866676992,false,0.12317869222447815,0.061791713306241079,0.28663857058726,0.19981914864266215,0.15908991480029377,0.49320390611783216,0.76535656995500068,0.1081626196451403,0.97086554728076724,0.66500000000000004,NaN,NaN,NaN,0.8432703670450179,0.65876796229563461,ucb,1.8999999999999999,-Inf,0,false,0,0,0,0.84529492866676992,-Inf,false,0,0,0,true,0,0,0,-0,-0,-0,false
3,15000,15,0.86239934837562071,0.86239934837562071,0.021836102157932968,0.84099996826084644,false,0.11132643736052772,0.039848324375354779,0.21866464580527048,0.046984252734261434,-0.080052316895965481,-0.32446634820470766,0.74800806727145297,0.12436128227415344,0.98429450359234449,0.83199999999999996,NaN,NaN,NaN,0.88456084019854708,0.83435639635474956,ucb,1.8999999999999999,-Inf,0,false,0,0,0,0.84099996826084644,-Inf,false,0,0,0,true,0,0,0,-0,-0,-0,false
4,16000,16,0.8735274820473673,0.8735274820473673,0.038306735645872274,0.83598688111441244,false,0.10334000341367694,0.02393569318052224,0.11258430356445441,-0.082287310861866469,-0.27198513272554292,-0.47599550122814449,0.71893347942962693,0.15002210800684376,1.0039754846426301,0.29600000000000004,NaN,NaN,NaN,0.9064177068958541,0.29152094536603967,ucb,1.8999999999999999,-Inf,0,false,0,0,0,0.83598688111441244,-Inf,false,0,0,0,true,0,0,0,-0,-0,-0,false
5,17000,17,0.90338170658332362,0.90338170658332362,0.050078615479388182,0.85430466341352318,false,0.087036800892069763,0.010485833370196864,-0.047546328809352376,0.10576240432231154,0.046788090114683545,-0.20327440322660473,0.87739471735014651,0.069121172652240506,1.0087249453894034,0.85399999999999998,NaN,NaN,NaN,0.9312264290222777,0.8514822448526369,ucb,1.8999999999999999,-Inf,0,false,0,0,0,0.85430466341352318,-Inf,false,0,0,0,true,0,0,0,-0,-0,-0,false
6,18000,18,0.89145239976271085,0.89145239976271085,0.038101163964810371,0.85411325907719671,false,0.083810961439608284,0.0040311696639669771,-0.016903567956436463,0.052607618510883469,0.079469956076944959,0.12555350087948614,0.85903992771926352,0.064303735446743018,0.98121702506807529,0.86599999999999999,NaN,NaN,NaN,0.93823975601527043,0.85853944988963982,ucb,1.8999999999999999,-Inf,0,false,0,0,0,0.85411325907719671,-Inf,false,0,0,0,true,0,0,0,-0,-0,-0,false
7,19000,19,0.89355375030227435,0.89355375030227435,0.033505901475302385,0.86071796685647806,false,0.08085756923737418,0.0088968224962884136,-0.0086503378629663469,0.094081206539689211,-0.077409733268366532,-0.024944333598899915,0.86250285258279513,0.055182813816241537,0.96735019883365403,0.70399999999999996,NaN,NaN,NaN,0.94151539217564773,0.73704859607626705,ucb,1.8999999999999999,-Inf,0,false,0,0,0,0.86071796685647806,-Inf,false,0,0,0,true,0,0,0,-0,-0,-0,false
8,20000,20,0.88167730053087157,0.88167730053087157,0.036983688012706628,0.84543328627841907,false,0.051877082094337966,0.019762010418997132,-0.32226201465777354,-0.061919513159859996,0.14019405156286879,0.46034300502647918,0.78465937446068912,0.10120844567513525,0.97695542124344614,0.75800000000000001,NaN,NaN,NaN,0.94306497532479316,0.71696457350682863,ucb,1.8999999999999999,-Inf,0,false,0,0,0,0.84543328627841907,-Inf,false,0,0,0,true,0,0,0,-0,-0,-0,false
9,21000,21,0.88253111758184921,0.88253111758184921,0.027126388357699795,0.85594725699130336,false,0.098211227663374243,0.093291348687162365,0.1919957011917677,0.025051315897071991,0.039937451940386337,-0.35652819767642141,0.86431085930174845,0.051784224550400777,0.96270088594750991,0.92900000000000005,NaN,NaN,NaN,0.80621101330704392,0.91790986000869179,ucb,1.8999999999999999,-Inf,0,false,0,0,0,0.85594725699130336,-Inf,false,0,0,0,true,0,0,0,-0,-0,-0,false
10,22000,22,0.94833673687699127,0.94833673687699127,0.039480978465214887,0.90964537798108069,false,0.001267540801672541,0.0045233218051244049,-0.36771199939244587,-0.062620052120023528,-0.009383709941279017,-0.49459528132397157,0.90726640490291144,0.077554602244593804,1.0546201491676397,0.94099999999999995,NaN,NaN,NaN,0.98080787361470823,0.94082083393591809,ucb,1.8999999999999999,-Inf,0,false,0,0,0,0.90964537798108069,-Inf,false,0,0,0,true,0,0,0,-0,-0,-0,false
11,23000,23,0.96235870708270665,0.96235870708270665,0.030105107481024535,0.93285570175130261,false,-0.014372247863099994,-0.0036993865215384568,-0.43274490488486905,-0.015414090479168641,-0.0020670879488398075,-0.1700588837007655,0.9431033963095572,0.050039033306070735,1.0381775595910916,0.99199999999999999,NaN,NaN,NaN,0.98000811662031229,0.99449119970520361,ucb,1.8999999999999999,-Inf,0,false,0,0,0,0.93285570175130261,-Inf,false,0,0,0,true,0,0,0,-0,-0,-0,false
12,24000,24,0.99361770302255747,0.99361770302255747,0.0088861532320643321,0.98490927285513441,false,-0.01528790832300881,-0.0017866795991181841,-0.22483981029078154,0.4999928967725682,0.47735671216719733,-0.46823360890089605,0.56616354972040639,0.25058450521102976,1.042274109621363,0.0020000000000000018,NaN,NaN,NaN,0.99219647149296797,0.0016507135052654665,ucb,1.8999999999999999,-Inf,0,false,0,0,0,0.98490927285513441,-Inf,false,0,0,0,true,0,0,0,-0,-0,-0,false
13,25000,25,0.99375529533888307,0.99375529533888307,0.0099046104597476856,0.98404877708833038,false,-0.015172135245447535,-0.0019697953908648477,-0.22716019659723344,-0.043665141637247107,0.019684937474024444,-0.13585795833300418,0.96920788978360772,0.036116401274536296,1.0378290522052267,0.96199999999999997,NaN,NaN,NaN,0.99219259277244831,0.96428114231569395,ucb,1.8999999999999999,-Inf,0,false,0,0,0,0.98404877708833038,-Inf,false,0,0,0,true,0,0,0,-0,-0,-0,false
14,26000,26,0.99448441751598005,0.99448441751598005,0.011432249361058789,0.98328081314214244,false,-0.012363440762009141,-0.0042350572930308248,-0.23669816402649163,0.0029573436613559156,-0.025029368878327185,-0.36156363658146518,0.97677140973005738,0.031492658503873332,1.0366074608874167,0.98099999999999998,NaN,NaN,NaN,0.99327863175859232,0.98634806330245417,ucb,1.8999999999999999,-Inf,0,false,0,0,0,0.98328081314214244,-Inf,false,0,0,0,true,0,0,0,-0,-0,-0,false
15,27000,27,0.99551268811895477,0.99551268811895477,0.010686840174352305,0.9850395847480895,false,-0.011392403005831718,-0.0056270400630586441,-0.25238558459586102,-0.0049072269584196082,-0.0046225794440417634,0.10922811881442684,0.93892385789808119,0.045517990065204891,1.0254080390219704,1,NaN,NaN,NaN,0.9931682161479779,0.99793170956896438,ucb,1.8999999999999999,-Inf,0,false,0,0,0,0.9850395847480895,-Inf,false,0,0,0,true,0,0,0,-0,-0,-0,false
16,28000,28,1,1.0050693258932863,0.011959556475006104,0.98827963465449398,false,-0.0023580543906615583,0.0023438916816240583,0.046166162767765639,-0.021750779709797552,0.024797752148676633,0.43190436761951179,0.93346419414080284,0.06621023468375295,1.0592636400399333,0.97899999999999998,NaN,NaN,NaN,0.99974783631841901,0.98140115437071584,ucb,1.8999999999999999,-Inf,0,false,0,0,0,0.98827963465449398,-Inf,false,0,0,0,true,0,0,0,-0,-0,-0,false
17,29000,29,1,1.0056563033334596,0.013842011316046668,0.98643482891027423,false,-0.0044406338877469777,0.0079020436942179549,0.11190291130711029,-0.00082323084599322804,0.021595682431946095,-0.0075653615655169038,0.99212767931076518,0.024939503408111803,1.0395127357861775,0.97399999999999998,NaN,NaN,NaN,0.99831978622053208,0.98471811142228571,ucb,1.8999999999999999,-Inf,0,false,0,0,0,0.98643482891027423,-Inf,false,0,0,0,true,0,0,0,-0,-0,-0,false
18,30000,30,1,1.0013368241129823,0.0067135170769003702,0.99342075326463763,false,-0.0092472101382616093,0.00063231210697622833,0.12192187405908214,0.01172186809162068,0.0075798740881880544,0.40888222639217142,0.97443767560535666,0.031492775450574099,1.0342739489614474,0.98199999999999998,NaN,NaN,NaN,0.99847502302209035,0.98884568998129208,ucb,1.8999999999999999,-Inf,0,false,0,0,0,0.99342075326463763,-Inf,false,0,0,0,true,0,0,0,-0,-0,-0,false
19,31000,31,1,1.0013881001104055,0.0086419177303524407,0.99153092062425463,false,-0.0070548279241306197,0.0019685611820419039,0.14621311130649592,-0.036007838312623663,0.019746008970180862,0.25306447484373029,0.9821370508492846,0.024689874893886278,1.0290478131476686,0.97499999999999998,NaN,NaN,NaN,0.99851504210842612,0.98118672806719143,ucb,1.8999999999999999,-Inf,0,false,0,0,0,0.99153092062425463,-Inf,false,0,0,0,true,0,0,0,-0,-0,-0,false
20,32000,32,1,1.0009146853073583,0.0038308620366469472,0.99624575520408598,false,-0.0037742547020404391,-4.2837590343322292e-05,0.11549598241583867,0.019807970148110199,0.025618952965560826,0.23556930581157953,0.98375927572008248,0.020719793306127544,1.0231268830017248,0.97999999999999998,NaN,NaN,NaN,0.99915635483188836,0.98296045382059127,ucb,1.8999999999999999,-Inf,0,false,0,0,0,0.99624575520408598,-Inf,false,0,0,0,true,0,0,0,-0,-0,-0,false
21,33000,33,1,1.000722497475298,0.0028553904616858026,0.99720171734754792,false,-0.0051196085243475908,-0.00093151444496111476,0.10638776665811769,0.015104487053443361,-0.0026794282000945913,-0.0093876148012819183,0.98999379021962552,0.014286173846652107,1.0171375205282644,0.999,NaN,NaN,NaN,0.99905466118205644,0.99774678721646404,ucb,1.8999999999999999,-Inf,0,false,0,0,0,0.99720171734754792,-Inf,false,0,0,0,true,0,0,0,-0,-0,-0,false
22,34000,34,1,1.0022464943449128,0.0054451780065527559,0.99466372555357829,false,0.0013148421798683245,-0.0041253395986586231,0.032819986130171112,0.024162846773219782,-0.0044479044895437969,-0.23076377414075822,0.98479619283194775,0.017143724162389518,1.0173692687404878,0.98899999999999999,NaN,NaN,NaN,0.99956958704041221,0.98943415253040956,ucb,1.8999999999999999,-Inf,0,false,0,0,0,0.99466372555357829,-Inf,false,0,0,0,true,0,0,0,-0,-0,-0,false
23,35000,35,1,1.0018921428513305,0.0049371202631290183,0.99516162214213355,false,0.0015146289480208665,-0.0037822994416436863,0.041437682936201231,-0.0099129045394130699,-0.031077642721536236,-0.086881941371248494,0.97365825327050692,0.022614935873348875,1.0166266314298698,0.97699999999999998,NaN,NaN,NaN,0.99956208721942486,0.97658986980599261,ucb,1.8999999999999999,-Inf,0,false,0,0,0,0.99516162214213355,-Inf,false,0,0,0,true,0,0,0,-0,-0,-0,false
24,36000,36,1,1.0020362837172061,0.0052500358058801232,0.9948549649102375,false,0.0011998674283367576,-0.004714535581384004,0.028860805406225955,-0.0033576379122910449,0.0020843739973872566,0.2440349584973478,0.99363876854948407,0.011239434614776988,1.0149936943175604,0.996,NaN,NaN,NaN,0.99946778189106278,0.99618498110550713,ucb,1.8999999999999999,-Inf,0,false,0,0,0,0.9948549649102375,-Inf,false,0,0,0,true,0,0,0,-0,-0,-0,false
25,37000,37,1,1.0017066368949943,0.0048679512485252773,0.9952294077764452,false,0.0020145507698912384,-0.0047429595600348828,0.026762431736024498,0.032316455398674115,0.036935375576095497,0.48448093765765932,0.96268386500533309,0.027991463921741861,1.0158676464566425,0.96899999999999997,NaN,NaN,NaN,0.99945317658290467,0.96430993173256518,ucb,1.8999999999999999,-Inf,0,false,0,0,0,0.9952294077764452,-Inf,false,0,0,0,true,0,0,0,-0,-0,-0,false
26,38000,38,1,1.0017266467662365,0.004940732550393412,0.99515808210061441,false,0.0018987981576352607,-0.0048372029984763958,0.022979420678437387,0.024779719734341565,-0.00068813071295159567,0.14191100355517583,0.99120884722461566,0.012112427696618874,1.0142224598481915,0.995,NaN,NaN,NaN,0.99946578129225305,0.99305174403375829,ucb,1.8999999999999999,-Inf,0,false,0,0,0,0.99515808210061441,-Inf,false,0,0,0,true,0,0,0,-0,-0,-0,false
27,39000,39,1,1.0017311299503535,0.0037314235779775718,0.99634320489358197,false,0.004293369713728362,-0.0028020416353229912,0.077221677183037088,0.0094130531225977698,0.0020296595193300959,-0.47800826679080854,0.96752258549432846,0.02503561404558334,1.0150902521809368,0.96799999999999997,NaN,NaN,NaN,0.99919873038669837,0.97230752097742712,ucb,1.8999999999999999,-Inf,0,false,0,0,0,0.99634320489358197,-Inf,false,0,0,0,true,0,0,0,-0,-0,-0,false
28,40000,40,1,1.0017318934282424,0.0037203038484555223,0.99635410222851362,false,0.0042849814644989829,-0.0028204067706536708,0.076831396438434563,0.011692317547132181,-0.016094596087070201,-0.10807366440560506,0.9947137191512212,0.0084273031565261485,1.0107255951486209,0.996,NaN,NaN,NaN,0.9992005489729554,0.99378320268991949,ucb,1.8999999999999999,-Inf,0,false,0,0,0,0.99635410222851362,-Inf,false,0,0,0,true,0,0,0,-0,-0,-0,false
29,41000,41,1,1.0016723950249093,0.0035624352919130524,0.99650881341392517,false,0.0041913429631745642,-0.0027035919023919537,0.081649122546188238,-0.48284670467262836,-0.49832694661764521,-0.42430795720395342,0.51321387749268133,0.26204601602086985,1.0111013079323341,0.40100000000000002,NaN,NaN,NaN,0.99916268092913374,0.38400915499953481,ucb,1.8999999999999999,-Inf,0,false,0,0,0,0.99650881341392517,-Inf,false,0,0,0,true,0,0,0,-0,-0,-0,false
30,42000,42,1,1.0016383237055031,0.0032414562975034006,0.99682337282844669,false,0.0038881106501569922,-0.0025129801365765506,0.082562828146251099,-0.0042578495227834079,-0.017871187926836507,-0.19949060014555342,0.99364756442002966,0.0071139394384618481,1.0071640493531071,0.997,NaN,NaN,NaN,0.99921682855156557,0.993773904989663,ucb,1.8999999999999999,-Inf,0,false,0,0,0,0.99682337282844669,-Inf,false,0,0,0,true,0,0,0,-0,-0,-0,false
31,43000,43,1,1.001781344063061,0.003225679238157861,0.99683883434660525,false,0.0040886688506359932,-0.0020199365077482917,0.085729415454164348,-0.015955427020396096,-0.010068881352619519,-0.3649675843010507,0.98488793295597654,0.010391680985119157,1.004632126827703,0.98999999999999999,NaN,NaN,NaN,0.99926026740035112,0.98704009341600751,ucb,1.8999999999999999,-Inf,0,false,0,0,0,0.99683883434660525,-Inf,false,0,0,0,true,0,0,0,-0,-0,-0,false
32,44000,44,1,1.0017903859589774,0.003191887980415151,0.99687194977919313,false,0.0042428863078672789,-0.0020115977691562118,0.087021903515893728,-0.025817228276530546,-0.0073241482143533432,0.058350487081006541,0.98943512712796733,0.008735615655342718,1.0060327968731184,0.99199999999999999,NaN,NaN,NaN,0.99923024756143786,0.99162133614126813,ucb,1.8999999999999999,-Inf,0,false,0,0,0,0.99687194977919313,-Inf,false,0,0,0,true,0,0,0,-0,-0,-0,false
33,45000,45,1,1.0017768081523124,0.0038754867348477274,0.99620202299984928,false,0.002605608627449412,-0.0036890528157068501,0.050144775025901381,0.0048978735727498446,-0.0090110523422446409,-0.018392732318611271,1.0006516291070962,0.0040940021693513101,1.0084302332288637,0.999,NaN,NaN,NaN,0.99945030197859852,0.99821216169504789,ucb,1.8999999999999999,-Inf,0,false,0,0,0,0.99620202299984928,-Inf,false,0,0,0,true,0,0,0,-0,-0,-0,false
34,46000,46,1,1.0015265306343144,0.0031485943537923906,0.99691437753328349,false,0.0033831793533457277,-0.0014451989145075723,0.087576130897414464,-0.0066887851869024129,0.011078399725470867,0.29516091613686313,0.99302277835560315,0.005439526137043493,1.0033578780159857,0.996,NaN,NaN,NaN,0.99938994285062666,0.9945936363099187,ucb,1.8999999999999999,-Inf,0,false,0,0,0,0.99691437753328349,-Inf,false,0,0,0,true,0,0,0,-0,-0,-0,false
35,47000,47,1,1.0017293081795129,0.0032764382640796223,0.99678909050120201,false,0.0036282548429634335,-0.0017542221739369104,0.080795040813617283,-0.020478750174764748,-0.002638667430395536,-0.089905291356918049,0.99173046305941492,0.0060821709196218141,1.0032865878066963,0.998,NaN,NaN,NaN,0.99941130218116203,0.99499764013012748,ucb,1.8999999999999999,-Inf,0,false,0,0,0,0.99678909050120201,-Inf,false,0,0,0,true,0,0,0,-0,-0,-0,false
36,48000,48,1,1.0019578907765969,0.0032023143499440346,0.99686173193705485,false,0.0030439276765766936,-0.00065112706594719284,0.090857583703308639,-0.0069372512724386048,-0.0015212359139145093,-0.030343158230978107,1.0005108876744393,0.0036037514288946907,1.0073580153893391,1,NaN,NaN,NaN,0.99948392498333838,0.99932317094702439,ucb,1.8999999999999999,-Inf,0,false,0,0,0,0.99686173193705485,-Inf,false,0,0,0,true,0,0,0,-0,-0,-0,false
37,49000,49,1,1.0009826432406492,0.0027723603621542295,0.99728308684508882,false,-0.005885991676390122,-0.0067578297146713767,-0.072365362881109133,-0.0049790483150435882,0.0018159704899161078,0.068805176620909458,1.0004743798071787,0.0041710372492038406,1.0083993505806659,0.999,NaN,NaN,NaN,0.99882041842514091,0.99959875099661144,ucb,1.8999999999999999,-Inf,0,false,0,0,0,0.99728308684508882,-Inf,false,0,0,0,true,0,0,0,-0,-0,-0,false
38,50000,50,1,1.0012527195436791,0.002103104536122692,0.99793895755459971,false,0.0035100688336999726,-0.0014499340097211433,0.10890267516348759,-0.00691640235207025,0.00094515916887449869,0.13009321713430233,0.99960016073604008,0.003227549020536217,1.0057325038750589,0.999,NaN,NaN,NaN,0.99904045345788151,0.99872216408765169,ucb,1.8999999999999999,-Inf,0,false,0,0,0,0.99793895755459971,-Inf,false,0,0,0,true,0,0,0,-0,-0,-0,false
39,51000,51,1,1.0010951775255859,0.0026867357227400397,0.99736699899171477,false,-0.0055474463683603432,-0.0065074937207175972,-0.071680426726632898,0.013194461723036177,-0.0024804421125133036,-0.080592039524960413,0.99803703442581793,0.0042874482456563045,1.006183186092565,0.997,NaN,NaN,NaN,0.99890394308364738,0.99754563802521035,ucb,1.8999999999999999,-Inf,0,false,0,0,0,0.99736699899171477,-Inf,false,0,0,0,true,0,0,0,-0,-0,-0,false
40,52000,52,1,1.0012622598475858,0.0019717069645499366,0.99806772717474102,false,0.003863255762824586,-0.002470157389107152,0.093903380058750041,0.0025023426094952228,0.00019156255975771863,0.11400018740305029,1.0008698844079824,0.0018952944937788326,1.0044709439461621,1,NaN,NaN,NaN,0.99904640302939229,0.9992856758028642,ucb,1.8999999999999999,-Inf,0,false,0,0,0,0.99806772717474102,-Inf,false,0,0,0,true,0,0,0,-0,-0,-0,false
41,53000,53,1,1.0009010194276085,0.0023135579559412584,0.99773271320317758,false,-0.0068113794717502346,-0.0066107936683104289,-0.070398893439624688,0.012069565938105153,0.0014331378280989515,0.16418222352726652,0.99847964002204725,0.0027045304423669457,1.0036182478625444,0.997,NaN,NaN,NaN,0.99874329472088508,0.99721834661637909,ucb,1.8999999999999999,-Inf,0,false,0,0,0,0.99773271320317758,-Inf,false,0,0,0,true,0,0,0,-0,-0,-0,false
42,54000,54,1,1.0009216260647005,0.0022905311152757986,0.99775527950702969,false,-0.0068493356186385239,-0.0065766819699682082,-0.069916056913832347,0.015656468184203076,0.019451948214137982,0.3147395697140718,0.99068838928089742,0.0057918288402905617,1.0016928640774494,0.99199999999999999,NaN,NaN,NaN,0.99874780560854537,0.98903110587808252,ucb,1.8999999999999999,-Inf,0,false,0,0,0,0.99775527950702969,-Inf,false,0,0,0,true,0,0,0,-0,-0,-0,false
43,55000,55,1,1.0008988842699567,0.0019281128142111228,0.99811044944207306,false,0.0030404621331901692,-0.003287927645205259,0.072211694250838315,-0.032120654343920974,-0.0132272438433374,-0.20649165549934079,0.98895998842607291,0.0074349816510864281,1.0030864535631372,0.98599999999999999,NaN,NaN,NaN,0.99924063888450543,0.9853333821794934,ucb,1.8999999999999999,-Inf,0,false,0,0,0,0.99811044944207306,-Inf,false,0,0,0,true,0,0,0,-0,-0,-0,false
44,56000,56,1,1.0009780582287511,0.0022840733875160047,0.99776160808023429,false,-0.0066980298465746449,-0.006480050651610351,-0.072313136069619061,-0.010048471854752439,-0.011812900000583548,-0.14439606979599162,0.9983022384839092,0.0030763609133442919,1.0041473242192633,0.995,NaN,NaN,NaN,0.99876540199283126,0.99624741954104057,ucb,1.8999999999999999,-Inf,0,false,0,0,0,0.99776160808023429,-Inf,false,0,0,0,true,0,0,0,-0,-0,-0,false
45,57000,57,1,1.0004876663211386,0.001596225076276788,0.99843569942524879,false,-0.0066576107142477933,-0.0045802132437100761,-0.053259124905659407,0.0017118228254857648,-0.012208211837463123,0.050227873128046552,0.99715686857057906,0.0036699687957643945,1.0041298092825315,0.995,NaN,NaN,NaN,0.99913645544111818,0.99524388146454579,ucb,1.8999999999999999,-Inf,0,false,0,0,0,0.99843569942524879,-Inf,false,0,0,0,true,0,0,0,-0,-0,-0,false
46,58000,58,1,1.000593993983026,0.0015958264477506333,0.99843609008120437,false,-0.0054020017152160123,-0.0048626800438071197,-0.052289167873202383,0.015080747839656183,0.0034901233745532334,0.26837280676371633,0.9936295848404898,0.0047072054832576057,1.0025732752586793,0.997,NaN,NaN,NaN,0.99926550845465723,0.99371293744188105,ucb,1.8999999999999999,-Inf,0,false,0,0,0,0.99843609008120437,-Inf,false,0,0,0,true,0,0,0,-0,-0,-0,false
47,59000,59,1,1.0005876103299307,0.0015825008436572234,0.99844914917321592,false,-0.0053657206158887177,-0.0048446547885986945,-0.052166219160458813,0.0016178914737334793,0.005286271812040777,0.22535559834055441,0.99716605087516097,0.0021406799182470621,1.0012333427198303,0.998,NaN,NaN,NaN,0.99927142031303928,0.99732899924928986,ucb,1.8999999999999999,-Inf,0,false,0,0,0,0.99844914917321592,-Inf,false,0,0,0,true,0,0,0,-0,-0,-0,false
48,60000,60,1,1.0006408229884396,0.00081877741996244657,0.99919759812843678,false,-0.00047126363757913942,-0.0024293219632347549,0.097252985262860331,0.027096389020419442,0.0053022422282071879,0.25130397637179214,0.99320463518153057,0.0032893820416678194,0.99945446106069946,0.98999999999999999,NaN,NaN,NaN,0.99913542173199921,0.99023024547612659,ucb,1.8999999999999999,-Inf,0,false,0,0,0,0.99919759812843678,-Inf,false,0,0,0,true,0,0,0,-0,-0,-0,false
49,61000,61,1,1.0006201685877723,0.00082644082611062534,0.99919008799041154,false,-0.00011673012793673819,-0.0025160551239052668,0.097370028082536073,-0.014100086717330207,-0.011538277310997769,-0.052302086736886855,0.99775583416108726,0.0030422788370459948,1.0035361639514746,0.996,NaN,NaN,NaN,0.99911317371753672,0.99558814200921686,ucb,1.8999999999999999,-Inf,0,false,0,0,0,0.99919008799041154,-Inf,false,0,0,0,true,0,0,0,-0,-0,-0,false
50,62000,62,1,1.0004549903665765,0.0010846093139916084,0.99893708287228822,false,0.0013825320570080549,-0.0035245335905316009,-0.022545146643410455,-0.003440343144508029,-0.002930437595051405,-0.11553160168041288,0.99763109620791857,0.0023916006926510132,1.0021751375239556,0.998,NaN,NaN,NaN,0.99979650604571291,0.99845116612825202,ucb,1.8999999999999999,-Inf,0,false,0,0,0,0.99893708287228822,-Inf,false,0,0,0,true,0,0,0,-0,-0,-0,false
51,63000,63,1,1.0004625543212382,0.0010697731060599219,0.99895162235606128,false,0.0012736220432557736,-0.0035385161666802003,-0.023646809151328604,-0.013587349626136724,0.0010543929530435481,-0.23832179013526478,0.99008942651603837,0.0049684051643503532,0.99952939632830407,0.99199999999999999,NaN,NaN,NaN,0.99979429875451364,0.99062771811256767,ucb,1.8999999999999999,-Inf,0,false,0,0,0,0.99895162235606128,-Inf,false,0,0,0,true,0,0,0,-0,-0,-0,false
52,64000,64,1,1.0004648098284148,0.0010508318463911233,0.99897018479053667,false,0.00091176725200941156,-0.0035858758438974715,-0.027125701893380757,-0.0064383481134564491,-0.0060388043464019159,0.14708088749401149,0.99699941543702641,0.0024076537994822274,1.0015739576560427,0.997,NaN,NaN,NaN,0.99978439131628072,0.99593680967338249,ucb,1.8999999999999999,-Inf,0,false,0,0,0,0.99897018479053667,-Inf,false,0,0,0,true,0,0,0,-0,-0,-0,false
53,65000,65,1,1.0006097241567695,0.00079096587223738283,0.99922485344520739,false,-2.1178207555517701e-05,-0.0025542546945564208,0.09770444605053058,0.012038054082410099,0.0039178579590257723,0.19063871051302272,0.99648784993691586,0.0013925542139701958,0.99913370294345927,0.99299999999999999,NaN,NaN,NaN,0.99909764385992983,0.99687391345524701,ucb,1.8999999999999999,-Inf,0,false,0,0,0,0.99922485344520739,-Inf,false,0,0,0,true,0,0,0,-0,-0,-0,false
54,66000,66,1,1.0004616415644312,0.0010812626729622854,0.99894036258049701,false,0.0016734232075664608,-0.003489267091057369,-0.021221309348791198,0.0060649246992527939,-0.013122192059382476,-0.25365520705454636,0.99720858758491815,0.0036635151103720613,1.0041692662946251,0.99299999999999999,NaN,NaN,NaN,0.9997952518085621,0.99423875805860484,ucb,1.8999999999999999,-Inf,0,false,0,0,0,0.99894036258049701,-Inf,false,0,0,0,true,0,0,0,-0,-0,-0,false
55,67000,67,1,1.0005788225880674,0.00075608646923455767,0.99925903526015014,false,0.00093624613326796129,-0.003003392053519995,0.10203424088945469,-0.00298419886750656,-0.0023177244830521193,0.072277871829114604,1.0001821999923737,0.001083392592631362,1.0022406459183733,1,NaN,NaN,NaN,0.99888261469650719,0.99945821987679839,ucb,1.8999999999999999,-Inf,0,false,0,0,0,0.99925903526015014,-Inf,false,0,0,0,true,0,0,0,-0,-0,-0,false
56,68000,68,1,1.0004405597716544,0.0011098489966934787,0.99891234798324036,false,0.0018652945186823564,-0.0034569357020797537,-0.017536499391962369,-0.01328926958885468,-0.001589175834953771,-0.10609977561146766,0.99800975771659761,0.001109732771099055,1.0001182499816859,0.998,NaN,NaN,NaN,0.99980243469296048,0.99685721692304607,ucb,1.8999999999999999,-Inf,0,false,0,0,0,0.99891234798324036,-Inf,false,0,0,0,true,0,0,0,-0,-0,-0,false
57,69000,69,1,1.0005387593612198,0.00064221005836455792,0.99937063414280269,false,0.00097620543979937634,-0.0029917816397649903,0.10652121451463308,0.015546688043265089,0.0042414368200534014,0.067959180633299088,0.99638058294215637,0.0031335863636652744,1.0023343970331204,0.999,NaN,NaN,NaN,0.99879460483263871,0.99730247359403579,ucb,1.8999999999999999,-Inf,0,false,0,0,0,0.99937063414280269,-Inf,false,0,0,0,true,0,0,0,-0,-0,-0,false
58,70000,70,0.99936562468137335,0.99936562468137335,0.0015643498907196476,0.99783256178846813,false,0.0055335801025231598,0.0079950148690503386,0.26837486265146387,0.0013959055946157761,-0.003481474687847097,-0.31964653839435875,0.99143795093734666,0.0044879871746835876,0.99996512656924552,0.98899999999999999,NaN,NaN,NaN,0.9958353183894465,0.99008024460767041,ucb,1.8999999999999999,-Inf,0,false,0,0,0,0.99783256178846813,-Inf,false,0,0,0,true,0,0,0,-0,-0,-0,false
59,71000,71,1,1.0007465050191888,0.0013504854216137279,0.99867652428681852,false,0.0090408097049947678,-0.0011952155526871401,0.069289313213947434,-0.02802728839110924,-0.0060469473528335094,-0.32011993795436866,0.98891316639957061,0.0043172952621162927,0.99711602739759153,0.98899999999999999,NaN,NaN,NaN,0.99898542709272409,0.98329458460130181,ucb,1.8999999999999999,-Inf,0,false,0,0,0,0.99867652428681852,-Inf,false,0,0,0,true,0,0,0,-0,-0,-0,false
60,72000,72,1,1.0007315836041613,0.0013471601114421136,0.99867978309078675,false,0.0086676535858986534,-0.0011548743364738147,0.068287753314291585,-0.0058237577392039608,-0.0045590702306073094,0.0070037351592378005,0.99959499712591471,0.0018958949880685831,1.003197197603245,0.999,NaN,NaN,NaN,0.99906132232038569,0.99933713881457653,ucb,1.8999999999999999,-Inf,0,false,0,0,0,0.99867978309078675,-Inf,false,0,0,0,true,0,0,0,-0,-0,-0,false
61,73000,73,1,1.0005418115596929,0.0012397438689903941,0.99878505100838944,false,-0.0031818812644194791,-0.0036469834890858741,-0.050069274005332204,0.0087844455255854381,0.01305591532301853,0.24352546068175251,0.99620868810553043,0.0022853193628020246,1.0005507948948542,0.996,NaN,NaN,NaN,0.99954319264294567,0.9948420876313292,ucb,1.8999999999999999,-Inf,0,false,0,0,0,0.99878505100838944,-Inf,false,0,0,0,true,0,0,0,-0,-0,-0,false
62,74000,74,1,1.0005417299355361,0.0012338997325546783,0.99879077826209639,false,-0.0031825965730117767,-0.0036473044430394511,-0.050067006553700479,0.006616207046802991,-0.0046895893022020907,-0.104323429006971,0.9982389909724706,0.0011585990269896982,1.0004403291237509,0.997,NaN,NaN,NaN,0.99954321237292643,0.9985001400760366,ucb,1.8999999999999999,-Inf,0,false,0,0,0,0.99879077826209639,-Inf,false,0,0,0,true,0,0,0,-0,-0,-0,false
63,75000,75,1,1.000494697712548,0.0010761132629229324,0.99894540900233553,false,-0.0014031085386585814,-0.0034415197722027033,-0.041172288856696826,0.018118304673830243,-0.012094386416104941,-0.18353584345473051,0.99486947582472629,0.0032461927547792553,1.001037242058807,0.99399999999999999,NaN,NaN,NaN,0.99969949611046638,0.99323881609901898,ucb,1.8999999999999999,-Inf,0,false,0,0,0,0.99894540900233553,-Inf,false,0,0,0,true,0,0,0,-0,-0,-0,false
64,76000,76,1,1.0005101555427642,0.0010923071198660843,0.99892953902253123,false,-0.0014924456759521484,-0.0034623737441766378,-0.042324577134421983,0.021721229636455952,0.0066291332433328076,0.039716305432748289,0.99525512195424182,0.0023909513438857906,0.99979792950762481,0.996,NaN,NaN,NaN,0.99968769438544913,0.99437181096970406,ucb,1.8999999999999999,-Inf,0,false,0,0,0,0.99892953902253123,-Inf,false,0,0,0,true,0,0,0,-0,-0,-0,false
65,77000,77,1,1.0006018214963597,0.0011839092404940809,0.99883976894431581,false,0.0075252231377939847,-0.0014945223678639822,0.07716138811278439,0.010493206495781005,-0.0049267452352041996,0.064488882100809608,0.99981473516223707,0.0017602341309156122,1.0031591800109767,0.998,NaN,NaN,NaN,0.99909388195114612,0.99791565430982931,ucb,1.8999999999999999,-Inf,0,false,0,0,0,0.99883976894431581,-Inf,false,0,0,0,true,0,0,0,-0,-0,-0,false
66,78000,78,1,1.0005642222936459,0.0010750161160925677,0.99894648420622933,false,-0.00055932311831049597,-0.0034531792836161716,-0.039591212444179395,-0.0084710305449244849,-0.0068276270753950818,-0.065605560666877061,0.99964812113302282,0.0013689221128909434,1.0022490731475155,0.999,NaN,NaN,NaN,0.99972617425093802,0.99848735258891952,ucb,1.8999999999999999,-Inf,0,false,0,0,0,0.99894648420622933,-Inf,false,0,0,0,true,0,0,0,-0,-0,-0,false
67,79000,79,1,1.0003935988872297,0.00055272523776284197,0.99945832926699241,false,-0.0018147564271630064,-0.0025300089107959975,0.10035698317151739,0.00584030449604378,0.0050754530118390928,0.12553820458677412,0.9984067995015331,0.0014990627076740806,1.0012550186461138,0.997,NaN,NaN,NaN,0.99902469204976385,0.99881839598223521,ucb,1.8999999999999999,-Inf,0,false,0,0,0,0.99945832926699241,-Inf,false,0,0,0,true,0,0,0,-0,-0,-0,false
68,80000,80,1,1.0005182809107542,0.00048887582612054225,0.99952090169040186,false,-0.00081451476587630076,-0.0024183343855913603,0.10453476911741816,-0.015496286382746804,-0.00061770037387387511,-0.038014273194180381,0.99873623072878159,0.0014855753063019038,1.0015588238107551,0.997,NaN,NaN,NaN,0.99900010208849543,0.99733012007404143,ucb,1.8999999999999999,-Inf,0,false,0,0,0,0.99952090169040186,-Inf,false,0,0,0,true,0,0,0,-0,-0,-0,false
69,81000,81,1,1.0009628372589536,0.00089044652163926144,0.99912736240879352,false,0.0010968069642100895,-0.0027681123832640092,-0.028841194256449449,-0.011429015893906991,-0.014171564284767069,-0.22005458288704394,0.99552292434990075,0.0018666619873002857,0.99906958212577124,0.98799999999999999,NaN,NaN,NaN,0.99980796784314441,0.99394825050181901,ucb,1.8999999999999999,-Inf,0,false,0,0,0,0.99912736240879352,-Inf,false,0,0,0,true,0,0,0,-0,-0,-0,false
70,82000,82,1,1.000795492636672,0.0010340543675065662,0.99898662671984362,false,0.0012324963145164286,-0.0029229514864118908,-0.028964377418519996,0.0099828357130460343,0.0042802907047867489,0.22667897349429733,0.99625341371509024,0.001278154807350496,0.99868190784905619,0.995,NaN,NaN,NaN,0.99980061855148428,0.99636895865152053,ucb,1.8999999999999999,-Inf,0,false,0,0,0,0.99898662671984362,-Inf,false,0,0,0,true,0,0,0,-0,-0,-0,false
71,83000,83,1,1.0004809179705534,0.00067039496804830151,0.99934301293131267,false,-0.0003875009271156111,-0.0021262950305924806,0.10180689782276822,0.0073086015257928238,0.0050500284841974441,0.012695992350609586,0.99805555014127978,0.0021765574088211579,1.0021910092180399,0.998,NaN,NaN,NaN,0.99912949556781805,0.99838540892243466,ucb,1.8999999999999999,-Inf,0,false,0,0,0,0.99934301293131267,-Inf,false,0,0,0,true,0,0,0,-0,-0,-0,false
72,84000,84,1,1.0007880488536232,0.0010116599304954013,0.99900857326811454,false,0.0011911328581347435,-0.0029506074832579979,-0.029118551643722478,-0.0050864476915413182,-0.0070465611237910952,-0.0098674728066103778,0.99907456169811304,0.0009421491016818605,1.0008646449913086,1,NaN,NaN,NaN,0.99979988048753077,0.99886534192457721,ucb,1.8999999999999999,-Inf,0,false,0,0,0,0.99900857326811454,-Inf,false,0,0,0,true,0,0,0,-0,-0,-0,false
73,85000,85,1,1.0008984329573267,0.00091862671840695098,0.99909974581596117,false,0.00022385616707993477,-0.0036365687602017433,-0.027325079036495038,0.0083970399194372991,-0.0033469917135080518,0.30139556034062531,0.98956875150401102,0.00424952985750032,0.9976428582332616,0.98999999999999999,NaN,NaN,NaN,0.99978757612758107,0.99016494104697383,ucb,1.8999999999999999,-Inf,0,false,0,0,0,0.99909974581596117,-Inf,false,0,0,0,true,0,0,0,-0,-0,-0,false
74,86000,86,1,1.0005004630509855,0.00067660661359785228,0.99933692551867415,false,-0.00036934126228465978,-0.0020645532815042091,0.10058160224052734,0.012837128243711637,-0.0034659391195739353,0.04012450656350075,0.99859945686573293,0.0013540329149916712,1.0011721194042171,1,NaN,NaN,NaN,0.99916627055726581,0.9981003677791549,ucb,1.8999999999999999,-Inf,0,false,0,0,0,0.99933692551867415,-Inf,false,0,0,0,true,0,0,0,-0,-0,-0,false
75,87000,87,1,1.0008384206694418,0.00088213564116992372,0.99913550707165344,false,-0.00013191167376326213,-0.0037332708955729746,-0.026441072756286679,-0.023092737263321839,-0.0067260474713786156,0.1088905393036852,0.99291148671697382,0.0027630375575835031,0.99816125807638245,0.99299999999999999,NaN,NaN,NaN,0.99978437806691167,0.99202856714646348,ucb,1.8999999999999999,-Inf,0,false,0,0,0,0.99913550707165344,-Inf,false,0,0,0,true,0,0,0,-0,-0,-0,false
76,88000,88,1,1.0008380335297398,0.00087894645148958251,0.9991386324775402,false,-0.00012637306409173601,-0.0037326483243317289,-0.026423277773579799,0.0022973272171817882,-0.00092886053384444445,0.19503215126575157,0.9958766019909715,0.0017680159415118387,0.99923583227984403,0.998,NaN,NaN,NaN,0.99978446155724232,0.99702659815263317,ucb,1.8999999999999999,-Inf,0,false,0,0,0,0.9991386324775402,-Inf,false,0,0,0,true,0,0,0,-0,-0,-0,false
77,89000,89,1,1.0004439178248967,0.00065037404991149714,0.99936263343108678,false,-0.00075717142216672145,-0.001960808536403858,0.10173497859625802,-0.012777007034215915,-0.0094995626134219968,-0.086929718664487066,0.99761090439851297,0.001373549040456512,1.0002206475753803,0.996,NaN,NaN,NaN,0.99916495533613459,0.99681086978834421,ucb,1.8999999999999999,-Inf,0,false,0,0,0,0.99936263343108678,-Inf,false,0,0,0,true,0,0,0,-0,-0,-0,false
78,90000,90,1,1.0004618346851097,0.00094520973044885702,0.99907369446416017,false,0.0089079877791275481,-0.00097181148922078362,0.031697257294651983,-0.010780106541827816,0.00020567171640495374,0.047415986013221945,0.99769014068904327,0.0013526168361752619,1.0002601126777764,1,NaN,NaN,NaN,0.99924472246456963,0.99887025033007726,ucb,1.8999999999999999,-Inf,0,false,0,0,0,0.99907369446416017,-Inf,false,0,0,0,true,0,0,0,-0,-0,-0,false
79,91000,91,1,1.0004486579657514,0.0009866450793536664,0.99903308782223343,false,0.0076346352482996949,-0.00098110163699324945,0.031911658557072779,-0.010200873758919871,0.0066396265274997202,0.21847882989650391,0.99617646286481853,0.0021589419393405413,1.0002784525495656,0.997,NaN,NaN,NaN,0.99944024821642052,0.99659111441501547,ucb,1.8999999999999999,-Inf,0,false,0,0,0,0.99903308782223343,-Inf,false,0,0,0,true,0,0,0,-0,-0,-0,false
80,92000,92,1,1.0003562561214423,0.00057351539694333782,0.99943795491099552,false,-0.00030441663826134732,-0.0022463646374009821,0.10970776953574655,-0.012016260467669682,-0.0031637357626916884,0.040052668071181907,0.99931809874252608,0.00093598647459487889,1.0010964730442564,1,NaN,NaN,NaN,0.99895071111662515,0.99833998149458625,ucb,1.8999999999999999,-Inf,0,false,0,0,0,0.99943795491099552,-Inf,false,0,0,0,true,0,0,0,-0,-0,-0,false
81,93000,93,1,1.000799572021764,0.00087860380035269822,0.9991389682756544,false,-0.00083497947291089514,-0.0040018221328962334,-0.031658107448163719,-0.0053692178097257681,0.0043593436548350351,0.21851490203889323,0.9977781870561544,0.00082010822256568545,0.99933639267902918,0.995,NaN,NaN,NaN,0.99973405334960286,0.99723690226638106,ucb,1.8999999999999999,-Inf,0,false,0,0,0,0.9991389682756544,-Inf,false,0,0,0,true,0,0,0,-0,-0,-0,false
82,94000,94,1,1.0004517144064207,0.00097261279764975243,0.99904683945830319,false,0.0081588827453664588,-0.00096204144312607952,0.032505683410766414,0.00097046821621327162,0.0087968994128670985,-0.067158820918567397,0.99278173577218676,0.0033046657510427116,0.99906060069916791,0.99199999999999999,NaN,NaN,NaN,0.99936296550055881,0.99495996923388219,ucb,1.8999999999999999,-Inf,0,false,0,0,0,0.99904683945830319,-Inf,false,0,0,0,true,0,0,0,-0,-0,-0,false
83,95000,95,1,1.0008015441743763,0.00086438146951533731,0.99915290615987495,false,-0.00093005833716382842,-0.0041018147068104839,-0.031324287956326996,-0.0025265703525285677,-0.0015093938910610838,-0.044868780113802798,1.0002706612791468,0.00095897471779633542,1.0020927132429598,1,NaN,NaN,NaN,0.99972497358281665,0.99957004758800239,ucb,1.8999999999999999,-Inf,0,false,0,0,0,0.99915290615987495,-Inf,false,0,0,0,true,0,0,0,-0,-0,-0,false
84,96000,96,1,1.0004517027055819,0.00096454576971563067,0.99905474514567871,false,0.0082206529284488041,-0.00092583004789485647,0.032448069405839192,-0.021615344861568797,0.0021777622097574056,-0.11169861348358889,0.99469951879409357,0.0018651221067274362,0.9982432507968757,0.99399999999999999,NaN,NaN,NaN,0.9993547145815006,0.99281744333261457,ucb,1.8999999999999999,-Inf,0,false,0,0,0,0.99905474514567871,-Inf,false,0,0,0,true,0,0,0,-0,-0,-0,false
85,97000,97,1,1.000448604393213,0.00096146727230003921,0.99905776207314601,false,0.0082128176161159229,-0.00092956316574934036,0.032463375773910584,0.023850863699826252,-0.026525807111364541,-0.20129575126293053,0.9864469408458576,0.0063946527408712869,0.99859678105351302,0.97899999999999998,NaN,NaN,NaN,0.99935544949065813,0.98033452131486554,ucb,1.8999999999999999,-Inf,0,false,0,0,0,0.99905776207314601,-Inf,false,0,0,0,true,0,0,0,-0,-0,-0,false
86,98000,98,1,1.0006815543682568,0.00071353395230626675,0.99930073672673991,false,-0.0013507018279086725,-0.0042696573241655499,-0.028531669658597762,0.018984347354731756,-0.0042634422696627983,0.022212098239152045,0.99847723157934132,0.0013997860345478803,1.0011368250449824,0.997,NaN,NaN,NaN,0.99970917829057637,0.99621703711671261,ucb,1.8999999999999999,-Inf,0,false,0,0,0,0.99930073672673991,-Inf,false,0,0,0,true,0,0,0,-0,-0,-0,false
87,99000,99,1,1.0007480709140688,0.00073276474720881696,0.99928189054773531,false,-0.00068669381156341699,-0.0042152717453102289,-0.027818928674675256,0.0097454301035124757,-0.0094368066173144971,-0.01508192715479062,0.99794166069825496,0.00097384857151799236,0.99979197298413913,0.99399999999999999,NaN,NaN,NaN,0.99973037714695068,0.99729250222620414,ucb,1.8999999999999999,-Inf,0,false,0,0,0,0.99928189054773531,-Inf,false,0,0,0,true,0,0,0,-0,-0,-0,false
88,100000,100,1,1.0007028460768785,0.00096581570758890877,0.99905350060656284,false,0.0076755616628858608,-0.00071530827310180268,0.034437835482051177,0.021366640585562813,-0.010013646122455366,-0.080519639011152444,0.99273485014474039,0.0024122734648057381,0.99731816972787124,0.997,NaN,NaN,NaN,0.99943706749359873,0.99374250348435667,ucb,1.8999999999999999,-Inf,0,false,0,0,0,0.99905350060656284,-Inf,false,0,0,0,true,0,0,0,-0,-0,-0,false
89,101000,101,1,1.0006526654949712,0.00096700446090944368,0.99905233562830875,false,0.0074908876074877674,-0.00063293702066200062,0.036417228432777414,0.0087237666366188904,0.0047540384123909707,0.088212459468821391,0.99817845326769217,0.0011156420703208065,1.0002981732013017,0.999,NaN,NaN,NaN,0.99946025774292424,0.99868511479085831,ucb,1.8999999999999999,-Inf,0,false,0,0,0,0.99905233562830875,-Inf,false,0,0,0,true,0,0,0,-0,-0,-0,false
90,102000,102,1,1.0006277116622622,0.00073656227223837666,0.99927816897320643,false,-0.0015379802473573525,-0.0039155951515773306,-0.028404927169652611,-0.0052699787135717102,-0.0095183666745120021,-0.063894591383674593,0.99839611542872808,0.0010557900994495762,1.0004021166176822,0.995,NaN,NaN,NaN,0.99973921893345719,0.99819264076353631,ucb,1.8999999999999999,-Inf,0,false,0,0,0,0.99927816897320643,-Inf,false,0,0,0,true,0,0,0,-0,-0,-0,false
91,103000,103,1,1.0003059151146814,0.00069514110725421281,0.99931876171489087,false,0.00070254473062051671,-0.0019819441180054728,0.10541797305087698,0.0086554980365658452,0.0070008058088555369,0.31616005125853053,0.99589323091220039,0.0025130100134867716,1.0006679499378253,0.99299999999999999,NaN,NaN,NaN,0.99909480279994334,0.99375354242260427,ucb,1.8999999999999999,-Inf,0,false,0,0,0,0.99931876171489087,-Inf,false,0,0,0,true,0,0,0,-0,-0,-0,false
92,104000,104,1,1.0005458647704415,0.00079375782380290618,0.99922211733267319,false,-0.00080664772850312834,-0.0031505005394657044,-0.022841922637049091,-0.00943960636609531,-0.0026947502867946671,0.078196011856641823,0.99952873777660001,0.00095079552170133344,1.0013352492678325,0.999,NaN,NaN,NaN,0.99983166502922349,0.99853931729552681,ucb,1.8999999999999999,-Inf,0,false,0,0,0,0.99922211733267319,-Inf,false,0,0,0,true,0,0,0,-0,-0,-0,false
93,105000,105,1,1.0005564818447834,0.0010965565554882824,0.99892537457562147,false,0.0040297739388890771,-0.00085822035163104636,0.039961030485540568,0.0066872227604830581,0.014036765097930504,0.26978897891882214,0.99667350767304097,0.0017352456906652961,0.99997047448530507,0.99399999999999999,NaN,NaN,NaN,0.99981687913240391,0.9942784498479037,ucb,1.8999999999999999,-Inf,0,false,0,0,0,0.99892537457562147,-Inf,false,0,0,0,true,0,0,0,-0,-0,-0,false
94,106000,106,1,1.0005563285661487,0.0010936117364746291,0.99892826049825489,false,0.0039571476657248401,-0.00087433655902928453,0.039946854117661162,0.0055968396211028004,0.012806019485817721,0.29277052798617897,0.99561829975631255,0.0013949339822568001,0.99826867432260047,0.99299999999999999,NaN,NaN,NaN,0.99982180162487133,0.99432743835023008,ucb,1.8999999999999999,-Inf,0,false,0,0,0,0.99892826049825489,-Inf,false,0,0,0,true,0,0,0,-0,-0,-0,false
95,107000,107,1,1.0002964216521562,0.00069540371474106943,0.99931850435955372,false,0.0012907109807413189,-0.0019300560345868649,0.10561558520928242,-0.0009996359791781817,-0.0075718484235165473,-0.1416972269970127,0.99706494044600913,0.0014996524572254346,0.99991428011473749,0.996,NaN,NaN,NaN,0.99909191312825607,0.99814245692103987,ucb,1.8999999999999999,-Inf,0,false,0,0,0,0.99931850435955372,-Inf,false,0,0,0,true,0,0,0,-0,-0,-0,false
96,108000,108,1,1.0002956567791907,0.00069415940485288838,0.99931972378324418,false,0.0012924437989220072,-0.0019272216807448906,0.10558038059154597,0.0061229377714846489,-0.0062487038419438701,-0.058369935461089151,0.99816407290518983,0.0011855252789344103,1.0004165709351651,1,NaN,NaN,NaN,0.99909403048451262,0.9989585847050455,ucb,1.8999999999999999,-Inf,0,false,0,0,0,0.99931972378324418,-Inf,false,0,0,0,true,0,0,0,-0,-0,-0,false
97,109000,109,1,1.0006710985123388,0.00078912691244982535,0.99922665562579915,false,0.00049898303848440408,-0.0033017354911078654,-0.027491657387006797,0.00081535097575513582,0.00039981563359869909,0.008281515463521627,0.99992031913649837,0.0010608189402587318,1.0019358751229899,1,NaN,NaN,NaN,0.99980596667929145,0.99989766305802086,ucb,1.8999999999999999,-Inf,0,false,0,0,0,0.99922665562579915,-Inf,false,0,0,0,true,0,0,0,-0,-0,-0,false
98,110000,110,1,1.0006835032613557,0.00076787185227695609,0.99924748558476861,false,0.00054925115070760368,-0.0032571413875355009,-0.026945194050397608,0.001620568793438304,-0.0025806056173536263,-0.1168275158869081,0.99707196735751613,0.00086731530679638724,0.99871986644042932,0.999,NaN,NaN,NaN,0.99981040658308606,0.99845688563365986,ucb,1.8999999999999999,-Inf,0,false,0,0,0,0.99924748558476861,-Inf,false,0,0,0,true,0,0,0,-0,-0,-0,false
99,111000,111,1,1.0005910911349705,0.00099780586178206481,0.9990221502554536,false,0.0039074942661081,-0.0008097896508645439,0.039593791452565627,0.0060009270525898106,-0.0030300720404932147,-0.20447836496186822,0.99404644390072561,0.002578535563413122,0.99894566147121056,0.996,NaN,NaN,NaN,0.99982903569158321,0.99543434361423899,ucb,1.8999999999999999,-Inf,0,false,0,0,0,0.9990221502554536,-Inf,false,0,0,0,true,0,0,0,-0,-0,-0,false
100,112000,112,1,1.0005934584948453,0.0010375177974533674,0.99898323255849575,false,0.0030995829073316656,-0.00089861840776085601,0.040043289974859488,-0.010486895618990077,0.015361583563307413,0.31571928463972099,0.99248638901897324,0.0028222549615738069,0.99784867344596351,0.99099999999999999,NaN,NaN,NaN,0.99987710717465617,0.99229018060525498,ucb,1.8999999999999999,-Inf,0,false,0,0,0,0.99898323255849575,-Inf,false,0,0,0,true,0,0,0,-0,-0,-0,false
